1 0.314980652786077 9.04892300026122 -78.253989 3.694318 51.71
1 0.319527979327409 9.26977597795627 -76.982024 5.078111 51.52
1 0.314603538536396 9.34734336938216 -77.59721 3.525782 51.52
1 0.381883743577171 9.67219024007844 -80.56554 64.2542 52
1 0.381063584497671 9.7924640908012 -81.25769 63.55143 52
1 0.395858571525316 9.94944940347356 -80.89305 73.79694 52
1 0.38196956149487 9.79611583082083 -81.58619 65.06606 52
1 0.395511478792936 9.95783061322474 -81.48083 73.62631 52
1 0.309866375466244 9.13906893905159 -82.322617 2.964765 51.71
1 0.379710661700929 9.73592420329805 -83.56128 63.90696 52
1 0.387614151988566 10.5802569215635 -83.5777 67.80144 52
1 0.319043986119851 9.28867097282723 -82.973489 6.049689 51.71
1 0.380997576687882 9.85618627046426 -83.9012 64.82686 52
1 0.387876942727278 9.87138834806235 -84.12535 71.69201 52
1 0.374034904352958 9.87598594842113 -84.88303 60.32902 52
1 0.377812988538528 9.406088391283 -84.83424 61.83158 52
1 0.38902324147156 9.76127257251465 -84.63517 68.20294 52
1 0.378646473499565 9.71040640651535 -85.21053 62.24709 52
1 0.389621728609515 9.88685228617793 -85.10517 70.07493 52
1 0.386285607605855 9.7622672023144 -85.39286 66.26378 52
1 0.330004950422884 9.85053954371224 -83.26462 13.74204 51.52
1 0.385267016934578 9.84728689711349 -85.39386 68.37391 52
1 0.389645745398882 9.82013685695522 -85.27507 71.65452 52
1 0.39376958107233 9.94861657003612 -85.49822 73.38574 52
1 0.373621988420883 9.81804682348256 -86.02147 59.09075 52
1 0.409013943898147 9.93334731931531 -84.98839 85.81747 52
1 0.388424027636852 9.58324736542804 -85.68154 71.06685 52
1 0.375566084395483 9.69644301810091 -86.086 62.89091 52
1 0.367268504941142 9.4950168455719 -86.49147 51.30163 52
1 0.378843697358574 9.74206236646362 -86.18417 61.95612 52
1 0.315351102436468 9.13100551425456 -81.368505 3.973132 51.191
1 0.311963693539431 9.09103188086207 -81.403872 3.163264 51.191
1 0.377321935860389 9.30468549177063 -86.52064 61.89112 52
1 0.392501785633083 9.87077994251812 -86.086 74.05169 52
1 0.389046977280791 9.92489557379612 -84.47657 68.03381 51.71
1 0.39135867384099 10.6368314938224 -84.43743 71.21815 51.71
1 0.379504114288075 9.5056976915431 -90.97886 64.39306 53.32
1 0.356123878826173 9.74559141904764 -85.616 44.27959 51.71
1 0.374843447105946 9.62925712885445 -87.06783 60.58711 52
1 0.393903304785026 9.82243617966756 -86.59683 74.78322 52
1 0.392367308780225 10.8635248859514 -83.47334 71.68221 51.52
1 0.401277490854471 9.90003005901361 -86.49147 78.25588 52
1 0.374010386007719 9.77656214294501 -87.18462 60.35119 52
1 0.385708842103126 9.68950546949462 -91.16118 69.13275 53.32
1 0.390680258189877 9.67535383764514 -87.00229 72.25456 52
1 0.330325803500243 9.38585823244898 -88.37617 12.55848 52
1 0.397382509119541 10.0671694624935 -87.00229 75.84268 52
1 0.386237866708377 10.4361699883284 -84.12912 65.95264 51.52
1 0.310870970634493 9.05848033663089 -82.52169 2.80256 51.191
1 0.337171927566143 9.60810865552729 -86.68977 20.11146 51.71
1 0.292512004593048 9.40119053060646 -82.63502 4.94821 51.191
1 0.382349097748783 9.81675130066858 -87.59108 63.44956 52
1 0.377106445372145 9.55174083278171 -87.65562 61.983 52
1 0.337603233298445 9.81445943610504 -86.81032 20.49166 51.71
1 0.301822302183857 9.04992224794727 -81.17076 2.793347 51.02
1 0.402444371540315 9.95020236869302 -87.21379 79.54274 52
1 0.370285768195215 10.1616037976199 -88.10191 57.25569 52
1 0.304830800993839 9.14844208859957 -81.378155 3.495472 51.02
1 0.30443492741432 9.051848548915 -81.52743 3.11739 51.02
1 0.295186609149063 9.34882907859805 -81.56457 3.89259 51.02
1 0.413046930249906 9.97462475484861 -86.89793 93.6918 52
1 0.308271846958341 9.36815438950351 -81.627016 2.751648 51.02
1 0.302445528260647 9.23048598807284 -81.773294 2.531762 51.02
1 0.409574267971431 10.3138547152859 -87.47775 85.2179 52
1 0.306220608336749 9.10405975783061 -81.864907 2.722779 51.02
1 0.30847566226098 9.03247179616196 -81.894079 2.176761 51.02
1 0.377842391593783 10.2984811797464 -88.59211 60.04288 52
1 0.342855971325351 9.90434513103435 -87.51412 29.51464 51.71
1 0.354157278548845 9.62006258048868 -89.25609 40.96014 52
1 0.32338105129202 9.75400349511573 -83.77445 7.775602 51.191
1 0.357080574764276 9.98555804404226 -89.21972 44.81241 52
1 0.341090855236214 10.1393273547834 -87.8018 25.90418 51.71
1 0.355924391698444 10.417147626352 -86.11618 43.82007 51.52
1 0.338677689310826 9.30619605455273 -87.91959 20.64836 51.71
1 0.302440377626386 9.10304565926068 -82.350787 2.570872 51.02
1 0.350799132991695 9.43492275851108 -89.52802 38.42564 52
1 0.379257980679525 9.93650774577498 -88.8798 63.75379 52
1 0.343360299732848 10.0038947857648 -86.56246 28.45574 51.52
1 0.34490326673948 9.70477523559497 -87.94776 28.63241 51.71
1 0.373477704442197 9.64553168742655 -89.21627 58.98619 52
1 0.400424520152434 10.0711007928149 -88.73052 77.38104 52
1 0.346892585515866 9.97903946799437 -88.23544 32.92481 51.71
1 0.38965739369858 9.79879858304067 -87.31815 72.25464 51.71
1 0.366050565236402 9.73302442379985 -87.99555 53.36161 51.71
1 0.385054122618095 9.62624312401556 -89.4882 67.05933 52
1 0.304709791224409 9.27086848871381 -83.229582 3.070746 51.02
1 0.36376670458243 9.80121409895999 -88.23544 51.07727 51.71
1 0.365056277933054 10.4974847095699 -88.18665 53.23104 51.71
1 0.308671185052779 9.07256979864836 -83.251202 2.892636 51.02
1 0.360277102472609 9.83381374653202 -88.32405 48.94788 51.71
1 0.381160828252655 9.48017515150787 -89.67052 64.37214 52
1 0.318841898142214 9.11524204450453 -87.726614 5.355961 51.52
1 0.38137033548509 9.67269616019361 -89.88024 64.13809 52
1 0.381751079271274 9.62462385011476 -89.95821 64.00949 52
1 0.379572037171253 9.78233760849394 -89.99903 62.91374 52
1 0.329007922510539 9.7221001206714 -83.54511 12.24959 51.02
1 0.317027261344445 9.22092431625754 -83.706458 4.590244 51.02
1 0.368633635697992 10.2335830879156 -88.62848 53.48735 51.71
1 0.332624730498103 9.01572839346836 -89.30488 15.41251 51.71
1 0.360261737568767 9.93007952606781 -87.42451 48.19639 51.52
1 0.340480722064593 9.33139463265741 -89.25609 24.10178 51.71
1 0.384716940123581 9.67711429183038 -90.0272 67.66126 52
1 0.331926721568315 9.51243950298556 -88.06309 14.64371 51.52
1 0.388499956217553 9.82195121967245 -90.06257 67.94804 52
1 0.363344417424247 9.58979541588051 -90.58681 50.62107 52
1 0.382845407541 9.51431137990821 -90.14053 65.90824 52
1 0.351033544435601 9.60166866604857 -89.10194 38.32694 51.71
1 0.375290186959464 9.58220326925394 -90.31488 60.59225 52
1 0.36390750973172 10.0460678109669 -88.82323 50.64734 51.71
1 0.38362081017645 9.82908320498569 -90.18135 65.27918 52
1 0.329236101410837 9.08430848512043 -88.11766 12.20798 51.52
1 0.358875622231676 10.0481204053774 -88.96395 46.27839 51.71
1 0.382115814590244 9.47730919239317 -90.20952 65.17017 52
1 0.385642702109492 9.63551995208292 -90.13256 68.2834 52
1 0.369208710196494 10.1635696045945 -88.78263 55.56054 51.71
1 0.38786595862447 10.3000478860004 -88.42941 67.72644 51.71
1 0.382404348549359 10.2393706574755 -82.79017 65.94461 51.02
1 0.39765808152646 10.0889487280694 -86.80035 75.24774 51.52
1 0.371825204481603 9.81825571308231 -94.65877 58.60772 53.32
1 0.353191755905127 9.84555560676389 -89.30588 39.3683 51.71
1 0.393344645970662 9.92024390366058 -88.42941 71.29547 51.71
1 0.354355757370382 9.90414446580606 -87.9707 41.24149 51.52
1 0.376428523469891 9.33939951877581 -90.58681 60.65321 52
1 0.340583188400962 9.88417701231333 -89.62273 24.36487 51.71
1 0.380097745010845 9.45674989137106 -90.46903 65.07589 52
1 0.37986293123995 9.30869796574217 -90.46903 65.14365 52
1 0.381139503404446 9.05528719944155 -90.46903 65.60628 52
1 0.398760149282796 10.2856576766149 -88.34977 75.33686 51.71
1 0.380505594741215 9.34297747181744 -90.58681 63.70046 52
1 0.387501102734616 9.17186537251538 -94.63237 68.70603 53.55
1 0.386681988900771 9.69335353711971 -90.46903 67.56963 52
1 0.330676666653587 9.65487194206979 -88.49495 14.04173 51.52
1 0.400184135254992 9.81653792855482 -90.18135 77.227 52
1 0.365276646382723 9.50864967141148 -90.97886 53.2196 52
1 0.372971787181933 9.21054318385717 -90.8745 59.23885 52
1 0.354139920992072 10.2751303126502 -88.25464 42.92293 51.52
1 0.33274427518414 9.14233719049532 -90.01378 14.59102 51.71
1 0.376952723635936 9.84421234990182 -89.08174 62.17485 51.71
1 0.34847935695083 10.069213647005 -88.44516 34.89785 51.52
1 0.331375775347198 9.0492641187497 -88.71709 13.65875 51.52
1 0.358327016758238 9.73780739645002 -88.22202 46.274 51.52
1 0.374963068049116 9.26185817433021 -90.94349 60.6673 52
1 0.37937862825014 9.70112175115926 -94.95987 63.89806 53.32
1 0.3927800025899 9.67284768519991 -90.58681 72.12092 52
1 0.383338510757508 9.40221023067808 -90.8745 65.17055 52
1 0.35396870670883 9.7295959941743 -88.44516 40.92058 51.52
1 0.395676915477945 10.0506753617427 -88.95266 72.88382 51.71
1 0.365542177347375 9.94980752638464 -89.62073 52.98333 51.71
1 0.385545626759048 9.57788764042959 -90.99228 67.42994 52
1 0.374285976466618 9.29355494160298 -91.23117 60.82408 52
1 0.383120685516402 9.05987446449388 -91.09764 65.39527 52
1 0.335461738029668 9.05038592968934 -90.3547 18.6773 51.71
1 0.37855404060962 9.47731192228936 -91.202 63.3696 52
1 0.372166707575203 9.38048112914167 -91.38432 57.52069 52
1 0.356992304643393 9.66432128615855 -88.62848 44.6183 51.52
1 0.394569407515199 9.6774209069028 -90.91432 72.83269 52
1 0.377190700365545 9.82973515116097 -91.27896 62.81267 52
1 0.387485507496441 9.63684080701291 -91.05682 69.74964 52
1 0.377502728843318 10.0863702563382 -88.20627 62.77515 51.52
1 0.371195228840479 10.5743447303516 -88.40156 57.16696 51.52
1 0.376255111611547 9.67020290489966 -91.41349 60.2843 52
1 0.377743731993888 9.80677900735117 -91.38532 61.43325 52
1 0.399821567083484 9.82708981176675 -90.80996 78.54434 52
1 0.378142559901602 9.75977038866951 -91.38532 62.72866 52
1 0.345762438030401 9.3095790271234 -92.15543 29.37136 52
1 0.379133485910412 9.67462629790724 -91.38532 63.03373 52
1 0.390843042164656 9.64851967369387 -91.09764 71.66408 52
1 0.372108507126797 9.58986706288394 -91.60746 57.13732 52
1 0.367838095225696 9.5264699470825 -91.673 55.02537 52
1 0.387581217751459 9.71834743644921 -91.21542 70.41436 52
1 0.341942549700858 9.31061894703661 -89.21627 26.74035 51.52
1 0.388248005548925 9.85275277818157 -88.15748 69.44968 51.52
1 0.312495751266793 9.47774468385492 -86.756759 3.312373 51.191
1 0.362877641366808 10.1614534889982 -88.79505 50.28122 51.52
1 0.375027785615635 9.77691981050587 -91.60746 60.71938 52
1 0.420660745246582 9.36645198803002 -94.12354 102.4947 53.55
1 0.400645309030149 10.2240325889126 -87.93533 77.66375 51.52
1 0.387107542439786 9.91980412659713 -88.3408 67.83984 51.52
1 0.37175841034129 9.64901894486962 -91.78979 56.7111 52
1 0.394329038644005 10.1362465821792 -88.27526 72.10567 51.52
1 0.370093352689102 9.37090720692811 -95.9407 56.62387 53.32
1 0.387393239196555 9.75927806364715 -91.56764 68.02634 52
1 0.396042340659663 10.196477018095 -89.55719 75.42599 51.71
1 0.377217135868803 9.31973930763751 -91.74996 63.0494 52
1 0.376741245834389 9.44859426211109 -91.81896 61.38685 52
1 0.385819469007207 9.67226357193359 -91.56764 69.43072 52
1 0.391999849498689 9.75469715812085 -91.48968 72.09228 52
1 0.397282389983834 9.86184282331811 -91.38532 76.7852 52
1 0.373988010401877 10.0086995497179 -88.85959 60.83464 51.52
1 0.345793789122371 9.3466397680545 -92.61646 32.48119 52
1 0.384004892104334 9.80566725754598 -91.79079 66.61326 52
1 0.374464734289283 9.55996921132771 -92.02868 59.38973 52
1 0.378525841542566 9.30573083472216 -95.96887 63.0783 53.32
1 0.367826564320602 9.53452086859434 -92.15543 55.04171 52
1 0.35445881354962 10.1402582305657 -89.42266 41.44395 51.52
1 0.382933866447284 9.08495636432792 -95.92495 65.32536 53.32
1 0.378294342939035 9.85975295840316 -91.97311 62.54362 52
1 0.384174531328062 9.56733288128548 -91.85432 67.12483 52
1 0.393473430711957 9.78487769140414 -91.673 72.37576 52
1 0.409013171440687 10.2959675240941 -88.04866 86.7892 51.52
1 0.373609176292109 9.78104236816676 -92.19625 58.06954 52
1 0.298504009503732 9.12929632879513 -80.428822 3.280391 50.51667
1 0.373816131813265 9.88963751592021 -92.26079 59.22549 52
1 0.376107610185614 9.51208397798622 -92.19625 62.25969 52
1 0.405464746536031 10.1497044242983 -88.45758 81.79852 51.52
1 0.355777568462194 9.4926836144281 -92.77162 42.59913 52
1 0.306598736478263 9.10951323929881 -80.546605 3.842954 50.51667
1 0.323190551008464 9.74907702601119 -85.998392 7.391547 51.02
1 0.376651402959547 9.91935361465241 -92.30061 62.96589 52
1 0.378849694692239 9.96606657450332 -90.58581 63.22679 51.71
1 0.374272125515135 9.78096148451017 -92.48393 58.99678 52
1 0.368404159537896 9.60887147114801 -92.66626 55.29811 52
1 0.370939315142128 9.95381710765533 -90.94349 58.25842 51.71
1 0.399694151913963 9.95420384252543 -92.07747 77.27719 52
1 0.322380266094314 9.41038277714376 -87.906163 7.153633 51.191
1 0.38509955840111 9.75859454333558 -92.44311 68.71924 52
1 0.366586752626916 9.81456487936923 -91.16563 54.29453 51.71
1 0.373943409609041 9.94819814475573 -89.73852 60.0661 51.52
1 0.361083035834745 9.63898444043856 -93.11154 50.16059 52
1 0.386298702604196 9.91629558747686 -90.91432 66.39638 51.71
1 0.303182700582308 9.45670818018864 -86.57621 2.254421 51.02
1 0.300646583919541 9.25755819181952 -81.27612 2.470776 50.51667
1 0.344865759250941 9.31001464009867 -91.90857 30.59115 51.71
1 0.370913181059451 9.72774025448867 -93.11154 57.04852 52
1 0.386484206000629 10.0206286250873 -91.00703 69.06716 51.71
1 0.372913623750341 9.87357589722841 -90.18135 58.52584 51.52
1 0.304719333567837 9.39769736529956 -81.540858 2.543166 50.51667
1 0.347429753606862 9.44966362491844 -92.13071 33.22076 51.71
1 0.372526368055305 9.72626987634226 -91.63664 57.90425 51.71
1 0.326269539066835 9.00045605191961 -94.198732 9.199857 52
1 0.369015085060809 9.65419285854718 -91.79079 55.55566 51.71
1 0.311086699302983 9.16744208745263 -87.137827 3.268799 51.02
1 0.312051948186164 9.1698307482427 -88.680725 3.257641 51.191
1 0.369187172890653 9.57766056243779 -97.48015 57.02216 53.32
1 0.304714491164024 9.09467749827621 -87.156028 1.914433 51.02
1 0.428273639601533 10.3829041114926 -91.01148 115.4808 52
1 0.368551459499283 9.5739701685973 -93.58255 54.84557 52
1 0.307525613171368 9.04396652951301 -88.771662 2.785146 51.191
1 0.36435049592857 9.57985957585266 -93.76487 51.56705 52
1 0.432788264511083 9.00567502744182 -94.81669 123.8028 53.55
1 0.441084732556954 9.05318136827944 -93.76687 140.3726 53.55
1 0.33747118376313 9.40376529445776 -94.34469 20.28781 52
1 0.297936253357078 9.00837074403057 -87.33558 2.99658 51.02
1 0.393326187840819 10.2457769317974 -87.51412 72.70955 51.191
1 0.380745754894438 9.86338369428913 -90.41924 65.23462 51.52
1 0.363973123106424 9.59647684419864 -93.87023 51.14953 52
1 0.390969272817191 9.96109465124744 -91.5031 73.22437 51.71
1 0.374732790810113 9.7797972268305 -91.97311 59.15167 51.71
1 0.407241428889595 9.87264887139581 -92.77062 86.3454 52
1 0.411469617684955 10.2992447772491 -90.94349 89.79494 51.71
1 0.389665179516193 9.9838826804992 -90.43166 69.95624 51.52
1 0.315572984425056 9.11205278222665 -82.231551 4.671686 50.51667
1 0.357487160222733 9.59392980072816 -91.31978 44.53528 51.52
1 0.407403789797294 9.87803422086222 -91.38432 83.70564 51.71
1 0.327479645585047 9.57466566631332 -87.71564 10.24399 51.02
1 0.324971317144984 9.63042994148342 -82.413873 9.153159 50.51667
1 0.369251869929558 10.5596215956489 -88.54952 54.92088 51.191
1 0.299889846503016 9.06878143076053 -87.867794 2.912568 51.02
1 0.308867395903577 9.35836949964997 -80.544152 3.847674 50.35
1 0.38645024168718 10.2125031566032 -81.4183 65.51469 50.51667
1 0.352014657765445 9.38705569576656 -91.673 39.05349 51.52
1 0.364470129543857 10.4626339840464 -94.40745 50.77392 52
1 0.440720740982803 9.2164218720659 -94.56538 137.8965 53.55
1 0.377311857998999 9.77319447157602 -92.41839 62.062 51.71
1 0.378988823550606 9.52765009408058 -94.09337 63.40787 52
1 0.306547250342672 9.30001574582455 -82.72463 3.23234 50.51667
1 0.301033100578036 9.0306826641253 -82.72563 3.27034 50.51667
1 0.387738532299865 10.4106099360263 -91.04785 66.18347 51.52
1 0.386316814936428 9.977494889153 -91.12481 66.494 51.52
1 0.381356952938406 9.25938013588001 -94.2269 64.79703 52
1 0.294711396087062 9.43659008906611 -82.893526 5.017719 50.51667
1 0.392789064838516 9.83278738653992 -93.98801 73.07588 52
1 0.371245047985387 10.5284036935406 -88.92827 57.6949 51.191
1 0.322063670525741 9.75823125603347 -82.976943 7.422324 50.51667
1 0.447160162761494 9.16794037506074 -93.71808 153.8863 53.55
1 0.301700113177918 9.55596053717529 -83.01231 3.141031 50.51667
1 0.38856474948754 10.7395552979935 -88.65388 68.39965 51.191
1 0.311254022955264 9.01251574118352 -81.028579 3.848228 50.35
1 0.390604168236633 9.854257116147 -91.27896 69.1614 51.52
1 0.382867652022491 9.48048855546738 -94.38105 66.51237 52
1 0.385200548642996 10.2464082049747 -81.9075 66.41373 50.51667
1 0.375421662744276 9.43086808848718 -94.63237 59.06143 52
1 0.361691574030381 10.5002800287027 -87.8018 49.3442 51.02
1 0.334160019185938 9.6419710201199 -88.38959 15.77801 51.02
1 0.411508748885337 10.171236485432 -90.53702 89.64983 51.52
1 0.376513560416519 10.4048819927957 -89.10913 58.67827 51.191
1 0.404401460079134 9.88279954345312 -90.94349 81.37398 51.52
1 0.443491123949781 9.13906250721223 -94.68316 144.3671 53.55
1 0.383666483456655 9.38693761388466 -94.63237 65.13666 52
1 0.374112943728524 10.6221805652442 -89.22492 60.22255 51.191
1 0.375967675233632 9.5619131950805 -94.78652 60.38503 52
1 0.375607574600914 10.7374945566116 -89.2317 60.27489 51.191
1 0.298454924065666 9.05121897434484 -81.366504 4.149578 50.35
1 0.374566445410757 9.27392486259379 -94.85551 59.51903 52
1 0.314058170690021 9.13136792924175 -83.41777 3.35317 50.51667
1 0.368950809327871 9.51062783297399 -94.98904 54.9263 52
1 0.373371070773631 9.42749986611086 -94.85551 59.80578 52
1 0.374395787988311 9.82667411831698 -91.89515 59.55953 51.52
1 0.418266372605809 10.1088508679965 -93.39922 98.68199 52
1 0.388694463268554 10.6437452970986 -87.50215 69.02903 51.02
1 0.444105008569861 9.14131011112927 -94.68316 146.4979 53.55
1 0.386297912020034 9.59272915201904 -94.63237 68.78631 52
1 0.442941612045947 9.01702625755931 -93.87223 144.1997 54.31
1 0.312161428677888 9.03223698008768 -81.47287 3.19682 50.35
1 0.349728632014489 9.23732761393423 -99.52622 36.59504 53.54
1 0.394123425639858 9.73481239172059 -94.6032 73.46113 52
1 0.371649950153951 10.626031749237 -88.07851 57.04962 51.02
1 0.386732172910174 9.68330818030658 -94.7457 70.14669 52
1 0.37893483731173 9.31768418380656 -94.96884 63.80508 52
1 0.364513481337432 9.64831559836393 -95.37431 51.23616 52
1 0.389808388152557 10.2964059616815 -89.36045 68.26971 51.191
1 0.313898205855532 9.431414664369 -81.759547 3.350461 50.35
1 0.38330362535615 9.16681134854876 -94.98904 66.67268 52
1 0.379839494351475 9.46262300198603 -95.0742 64.52201 52
1 0.311402083572793 9.48733839610107 -81.809338 4.339854 50.35
1 0.385931276312069 10.2244886480534 -87.93433 67.08303 51.02
1 0.307910737495667 9.14734402094699 -79.641284 2.769164 50.18333
1 0.377909834100871 9.45114040831325 -95.19198 61.96044 52
1 0.329748477132021 9.71866567216202 -83.87636 12.00973 50.51667
1 0.379870888480387 9.69847910171159 -95.19198 63.16461 52
1 0.388746181658994 9.06875210580865 -94.98904 69.79042 52
1 0.445236324119269 9.0272511750758 -94.97084 148.2103 53.55
1 0.376687832783128 9.08670866177703 -95.26098 62.11674 52
1 0.373088616469387 9.5037890634981 -95.37431 58.65488 52
1 0.380078246149521 9.19983801221952 -95.19198 65.33309 52
1 0.448279363668416 9.13538530942254 -94.46002 155.9798 53.55
1 0.31223452774365 9.2238797455288 -81.99266 3.316566 50.35
1 0.36887740616369 9.45638171318096 -95.52804 54.9353 52
1 0.376963141539786 9.43042812376568 -95.32552 62.31188 52
1 0.371188034542864 9.30865471359918 -95.47967 58.51147 52
1 0.38849473280598 9.52095262197846 -95.15116 69.87629 52
1 0.302105119182071 9.07746334899205 -82.100473 3.466395 50.35
1 0.379591272081621 10.3048692219448 -88.35322 62.7163 51.02
1 0.369172153022526 10.3487821271355 -88.58834 55.35858 51.02
1 0.386615376987023 9.47079422303697 -95.25652 67.93521 52
1 0.375106327656792 9.72461041448232 -95.47967 60.98548 52
1 0.375362962544936 9.17401553242779 -95.47967 61.67355 52
1 0.391987148001831 10.9149925576122 -89.69592 71.02698 51.191
1 0.380101050258374 9.12993554488335 -99.46068 63.95403 53.55
1 0.361737909952225 10.5154493071609 -90.34028 50.81468 51.191
1 0.38003590850506 9.55085599130069 -95.47967 64.51021 52
1 0.319293988754657 9.47947937806701 -82.281342 5.708211 50.35
1 0.391417511287429 10.5992675863542 -88.28004 70.02836 51.02
1 0.337111575859908 9.68033086498396 -90.97089 20.39232 51.191
1 0.373666662104294 9.35967375624081 -95.73098 58.19666 52
1 0.401596263005096 9.06665204283275 -99.06619 78.8634 53.55
1 0.365991191524821 10.5367870802592 -88.83965 54.07353 51.02
1 0.382589562186325 9.53140695218823 -95.47967 67.00014 52
1 0.377850764697447 9.25183146122062 -95.66199 62.41519 52
1 0.293985767591928 9.02074885116053 -82.424523 4.287168 50.35
1 0.376870187948103 9.16691695237429 -95.73098 61.36155 52
1 0.386542365372422 9.09052749220338 -95.47967 69.57673 52
1 0.36978302135844 9.48368210785085 -95.88513 56.11927 52
1 0.38087199026899 9.01982487027975 -95.68219 64.48957 52
1 0.384970925727783 9.5466252551296 -95.59745 67.40397 52
1 0.368345353251371 9.70255828272526 -94.27569 55.47212 51.71
1 0.380972157630586 10.6822783142446 -88.67327 64.69911 51.02
1 0.317255617805547 9.47695694058012 -82.531656 4.968328 50.35
1 0.389923681004243 9.52160558960242 -95.47967 71.8659 52
1 0.30075859856808 9.33777376964142 -82.550858 3.386107 50.35
1 0.377063567257178 9.12170206127252 -95.83634 61.34051 52
1 0.323709240942262 9.69548683531245 -82.558055 8.564287 50.35
1 0.374686198907161 9.07746689677927 -95.86451 60.61026 52
1 0.345322988583597 9.31016718150001 -93.60275 30.35354 51.52
1 0.382327971313417 9.55523276885889 -95.70281 66.32759 52
1 0.375490898914619 10.5460682589084 -90.35093 61.79257 51.191
1 0.377585065691801 9.40394730836149 -95.84431 63.12616 52
1 0.396263984816362 9.4008117386495 -99.52622 74.7458 53.54
1 0.399275544547622 10.9530506032932 -88.39437 77.64283 51.02
1 0.446068866120733 9.35138147807209 -94.46002 152.0296 54.31
1 0.392123464560824 10.7008549685543 -90.22595 71.27062 51.191
1 0.378613671755951 9.09920041810192 -96.01866 62.46747 52
1 0.390249004144475 10.2680514485056 -88.78509 69.56087 51.02
1 0.410788239518335 9.15733673124974 -99.17055 87.11443 53.55
1 0.391613264295219 9.01031020734429 -99.74836 71.6474 53.54
1 0.387433842611654 10.7274353904438 -88.94169 66.48556 51.02
1 0.448801404160767 9.29459790168969 -95.15316 157.2885 53.55
1 0.334262252342034 9.82007643041925 -91.49168 18.07677 51.191
1 0.330507732358865 9.49746431381941 -91.53906 12.97424 51.191
1 0.385820933515151 9.75400897068118 -95.88513 68.88844 52
1 0.41179944123253 9.1756885985724 -99.17055 88.67915 53.55
1 0.326865119070911 9.29530678327279 -91.58785 10.12126 51.191
1 0.383188959551661 9.18569192599459 -96.01866 65.68568 52
1 0.370394185533805 9.86852102143248 -94.63237 56.32347 51.71
1 0.374211429638282 9.59175715588202 -96.24181 59.09314 52
1 0.412606984930429 9.11238323664236 -99.17055 89.46443 53.55
0.398018669318942 0.404033725370179 10.0792148569843 -93.85681 80.51844 51.71
0.4272897326111 0.362671291256377 10.1910398213493 -93.56293 50.20289 51.52
0.440876886934345 0.389855052947452 9.75636024374121 -95.88513 71.53408 52
0.437829808726816 0.323080214049308 9.516578956602 -80.82851 9.30771 50.18333
0.509315331327954 0.388240932752424 10.5199512171515 -89.00723 68.21834 51.02
0.43724840588385 0.454397876988092 9.0445108998921 -94.27769 169.7438 53.55
0.417584258558715 0.378436414591155 9.37131025362453 -96.17281 63.18491 52
0.439627459227422 0.380298314136192 9.00819198847902 -100.13321 63.55006 53.55
0.460500302147895 0.373067183932243 9.49140846720629 -96.24181 61.152 52
0.402046893111507 0.33185948167681 10.0726777384192 -82.98791 14.62225 50.35
0.408008086964795 0.301578172852889 9.12685342324786 -80.886851 2.819236 50.18333
0.469914253067917 0.38986450821029 10.7897647006219 -89.00377 69.50693 51.02
0.491624123997161 0.371258534856786 9.49752377685024 -96.39596 57.40869 52
0.445605303928701 0.379143311194022 9.1208619805816 -96.24181 63.17061 52
0.481934606610201 0.412687303175276 9.04611943908888 -99.28833 89.37752 53.55
0.403539488361551 0.325927070270124 9.67546468502091 -80.92667 10.09429 50.18333
0.396162438285004 0.38410904585575 9.27535935122669 -100.03505 66.17964 53.32
0.401714701996945 0.38864076130631 9.34839360989942 -100.0203 69.46889 53.55
0.543505515372274 0.391028714870779 9.6835382331988 -96.01866 71.06303 52
0.406385047774904 0.390914044410488 9.06947029509495 -100.036 70.5874 53.55
0.392040785575458 0.372892546253384 9.35503376199946 -96.42413 59.50072 52
0.508392035008193 0.374521819380682 9.46485105677814 -96.42413 59.57105 52
0.404088981354435 0.345485481070329 10.054515241759 -91.62421 30.87772 51.191
0.557484951003625 0.452151872534577 9.1488880573479 -94.81669 165.2172 53.55
0.630494923816639 0.451391458789051 9.08038328459913 -94.97084 163.4541 53.55
0.57567183309235 0.387908236343219 10.680735386114 -89.24512 67.30898 51.02
0.404719006965027 0.336187514939214 9.75290570315789 -94.31652 19.28541 51.52
0.396513175557041 0.31002951220402 9.28558847386128 -83.264625 3.600465 50.35
0.386212038015622 0.313947184897709 9.36704670121515 -83.264625 4.074234 50.35
0.189349547896802 0.385908187241344 9.27799147999566 -96.17281 70.02693 52
0.199681960695398 0.400364178219125 9.57645510525881 -99.86615 78.11201 53.54
0.218791233232098 0.451596574934892 9.20802499092504 -94.97084 164.4028 53.55
0.179954010375614 0.457163924324372 9.23004666581971 -93.99001 176.41 53.55
0.208519404311019 0.354837269974526 10.1607929480009 -91.50988 43.37543 51.191
0.217116338156111 0.318839911059959 9.2747654112872 -91.988085 4.883503 51.191
0.162381331448284 0.322240748564579 9.16247101409908 -92.000507 6.815314 51.191
0.271948543572647 0.390277622652246 10.7528689110039 -89.25509 70.75709 51.02
0.18216804749755 0.400884555566627 9.88689241299639 -95.99049 77.9196 52
0.161595641856747 0.375316808840997 9.66691141006772 -96.57828 60.126 52
0.160302846775611 0.384795773474534 9.44378982939191 -96.35513 67.92254 52
0.191342850084703 0.322235187382249 9.22118772787729 -92.029679 7.777689 51.191
0.158263540576443 0.418191830918653 9.14664293580416 -99.28833 95.43486 53.54
0.159143525727712 0.366178315252829 9.50653023168358 -96.7808 53.5546 52
0.250827647785469 0.311460168419296 9.07353754393595 -92.0695 2.629025 51.191
0.169032493835921 0.377352232538614 9.3092696357034 -96.57828 62.04109 52
0.174107520152678 0.38624706803788 9.84991932640087 -96.39596 68.71244 52
0.206494372630061 0.328765314203733 9.43810617504569 -92.07847 11.75978 51.191
0.19523996593204 0.316433808552114 9.25044519493779 -92.119291 4.132212 51.191
0.225884006288925 0.386659566304343 9.62631214301985 -96.45949 67.41116 52
0.170056197413389 0.342087812291505 9.93031586599812 -91.95172 27.44107 51.191
0.170030984397178 0.307427066661362 9.27459031679145 -81.368505 3.346144 50.18333
0.255759920934376 0.399416034248201 10.6593890358615 -90.66546 76.72665 51.191
0.156638218394633 0.391432144634116 9.55283086926552 -96.35513 70.98386 52
0.257933499426372 0.417749832917871 9.17382282534284 -99.28833 97.71051 53.55
0.166474586981757 0.376631258244213 9.73559693442739 -96.68364 61.22025 52
0.16554377499051 0.391641880588339 10.7306557115243 -89.39927 71.23606 51.02
0.305374112976703 0.388871175395018 10.6263229297084 -89.46481 69.73972 51.02
0.180830609613129 0.400855417977193 9.8658736366097 -96.08766 79.46896 52
0.232755335318303 0.33562491194638 9.92574557229527 -92.11929 18.86127 51.191
0.175315034860529 0.357023265914152 10.1423628347938 -91.71383 45.08982 51.191
0.218777108752173 0.334494843961251 9.78249638932977 -92.14846 17.06301 51.191
0.187629285601494 0.345777521769485 10.0512022061965 -92.00051 30.45357 51.191
0.19227817385844 0.332484798371804 9.72959066455025 -92.18483 15.36376 51.191
0.175184265252912 0.385916372023217 10.2677382466639 -91.15421 66.0643 51.191
0.230343052377155 0.31738469046395 9.11142905742157 -92.251822 4.191176 51.191
0.237483391909967 0.341978415686339 9.64279331534043 -92.09867 26.01455 51.191
0.175659466840994 0.295574706859665 9.20724664384122 -90.79653 3.34742 51.02
0.187187042662972 0.337941234542652 9.22998302447381 -94.67219 21.20642 51.52
0.162093553628716 0.450981610174794 9.00312242809531 -94.46002 162.4919 54.31
0.259171271554369 0.330613261479295 9.51482612364744 -92.25182 12.95123 51.191
0.157924498151382 0.355311094482557 9.62544954087193 -95.59645 43.36403 51.71
0.205799252753319 0.363832006433171 10.2785159653278 -91.66403 50.72963 51.191
0.193890726685953 0.345169491517436 10.0676255009644 -92.0695 30.93084 51.191
0.276088336526961 0.342255691616534 9.36975420204329 -92.14846 25.3484 51.191
0.18551320555767 0.391284458692148 10.6554493353696 -89.58259 70.09849 51.02
0.159935383848148 0.381242637579021 9.87388702677224 -96.68364 65.63271 52
0.156294360117568 0.3811168330596 9.29758071373729 -96.7606 63.47959 52
0.16811309204781 0.366778225380271 10.4641869627378 -90.09142 54.50172 51.02
0.168290416083479 0.323852286962133 9.11689270718427 -92.320814 7.926151 51.191
0.158357557661264 0.342731279930841 9.94475282361266 -92.18483 28.3576 51.191
0.223654066289244 0.350178681464012 10.1654407931049 -92.02968 38.04678 51.191
0.160659297811388 0.352422683530842 10.1166722740128 -92.00151 40.01497 51.191
0.15739251285921 0.322181842352268 9.68535221173108 -81.651733 7.857259 50.18333
0.162782198365856 0.343866372597585 9.77427315851946 -92.18383 30.0065 51.191
0.294648478295116 0.335694154672301 9.39402425596453 -92.34143 17.658 51.191
0.166979596732889 0.456496799432224 9.40549423831911 -94.46002 176.2794 53.55
0.302158928484631 0.301199526469136 9.39646190047689 -81.704978 3.616068 50.18333
0.163681218755834 0.388558179674444 10.4442976157127 -89.80474 68.0369 51.02
0.219391901778709 0.400275714065659 9.79019570883827 -96.35513 79.3593 52
0.196021724386492 0.455634844274801 9.1787177606498 -94.68316 174.0081 53.55
0.181846944338836 0.393379260988416 10.0280186164995 -93.71708 71.62437 51.52
0.180663571791534 0.332778779282331 9.95102838268986 -92.40697 15.95889 51.191
0.25985338690873 0.3620876538893 9.61837926266593 -95.63727 49.16109 51.71
0.237808924280519 0.300272131720767 9.27483721837778 -81.747896 3.514648 50.18333
0.197740412600139 0.370333531346354 9.36932153562182 -97.0891 57.51237 52
0.188538580926848 0.321930511795654 9.17497281718256 -91.020678 6.541643 51.02
0.193571305945517 0.372252946640539 9.60062159722071 -97.0891 58.44555 52
0.215260806333359 0.421288225953415 9.56782598232036 -99.27491 105.17 53.55
0.232569168318222 0.424955882731953 9.05373414995213 -99.17055 107.3354 53.54
0.243471728142038 0.299924868268124 9.45854262448242 -81.809338 3.143412 50.18333
0.219515128614452 0.309603234182507 9.34445110856722 -81.838509 4.032334 50.18333
0.289281141011654 0.4533360532 9.31026702787843 -95.15316 169.4213 53.55
0.155622494366813 0.45522143771706 9.17689784939333 -95.15316 169.7459 53.55
0.16467691741235 0.365388972224386 10.3331534885578 -91.88272 53.26878 51.191
0.197406621484135 0.384322451450848 10.6046990958225 -91.5275 65.2871 51.191
0.214493387204323 0.340030780575593 9.95694075815566 -92.43514 25.11522 51.191
0.188657615546105 0.342610223228507 9.74705275273111 -92.43414 27.0547 51.191
0.198401899585726 0.353644863562069 9.72903810471471 -92.18728 41.75484 51.191
0.173398903627798 0.3752866022094 9.5479328124632 -97.0891 62.46982 52
0.203550312549643 0.370032423004489 9.63859897253097 -97.27143 56.46748 52
0.221121475279807 0.422699541710793 9.00732055819282 -99.42186 104.6351 53.55
0.18366485472909 0.336065156946615 9.55808710043103 -92.56868 18.84797 51.191
0.168801492899494 0.346004050829484 9.84819203474097 -92.40697 31.78732 51.191
0.154648078660371 0.360989269890052 10.2455018325007 -92.07847 48.88151 51.191
0.176124694696251 0.325531204406411 9.08238642497487 -92.658287 8.914959 51.191
0.210655236881384 0.327776025195772 9.04874629437915 -92.65829 10.0179 51.191
0.174179105641333 0.38199692296809 10.6332747744511 -90.14466 65.55791 51.02
0.170405444368693 0.39693585816197 9.96568847631569 -95.0732 75.52789 51.71
0.177580398845868 0.357606297662442 10.1429896988006 -92.25182 44.14107 51.191
0.331417059132447 0.352788577727037 9.99211260272064 -92.36615 39.5301 51.191
0.266495482084604 0.454090915202734 9.40819682961737 -95.15316 172.0041 53.55
0.297998484489684 0.425484791014575 9.23229214970219 -99.28833 110.4219 53.55
0.157622306839796 0.323733503013869 9.49924963586306 -84.255423 7.847472 50.35
0.269668401876333 0.338897337352584 9.87959727282472 -92.69465 23.11026 51.191
0.190931801975229 0.351566491216019 10.1223189133503 -92.47497 37.86925 51.191
0.171954511924674 0.315877304708416 9.04037016464851 -92.828186 4.616793 51.191
0.223852471482903 0.328715897164392 9.47735518869643 -92.81244 11.47878 51.191
0.235662768829987 0.328874927003042 9.40271692413071 -92.81144 11.90539 51.191
0.186093068897386 0.329553065636769 9.28243384082648 -92.81244 12.24795 51.191
0.278964343764228 0.356599443119623 9.9288320406622 -92.37061 44.89071 51.191
0.249432774225875 0.395219881695575 9.82106461008135 -96.93495 74.26215 52
0.20650957443825 0.303410026865041 9.19004265025055 -82.24297 2.0738 50.18333
0.162850519723061 0.311253926873757 9.58358883911631 -82.24397 3.07641 50.18333
0.295205035086768 0.365610477560609 10.1035042465209 -92.25182 51.8725 51.191
0.240591729518734 0.321643112207043 9.03882621754517 -92.92922 6.902231 51.191
0.185629070298149 0.459083724542192 9.17426966571021 -94.46002 182.122 53.55
0.161595575179321 0.326800071120717 9.57940982498582 -92.93022 10.57913 51.191
0.159792762904331 0.330852760489463 9.5433275457315 -92.93022 13.17266 51.191
0.157747165449115 0.329274848547267 9.13663641086018 -92.94597 12.14347 51.191
0.156058693160495 0.375536448252114 10.1922848472158 -92.09867 59.81765 51.191
0.209068463621256 0.302729895514326 9.16849530244112 -82.33668 2.58447 50.18333
0.210311465724133 0.430249802700224 9.05090455572963 -99.06619 117.8392 53.55
0.189115094277698 0.363002625226998 10.2635990400063 -92.35718 50.82333 51.191
0.187566012322547 0.348713267388546 9.83700618709816 -92.71053 34.13022 51.191
0.250539093231197 0.339242325927591 9.43482935287522 -91.42614 22.45185 51.02
0.184474210105181 0.378451076149242 9.69010632500825 -97.48115 61.71384 52
0.169510214679547 0.390915906328201 10.3603114885199 -90.31833 70.27967 51.02
0.164822561496874 0.341174056136774 9.55523546317041 -92.88043 24.71584 51.191
0.167812628241569 0.306916804122291 9.56063335865541 -82.37751 2.60804 50.18333
0.279249052890115 0.369709407850006 9.58471291799556 -97.67689 55.09384 52
0.155070011414211 0.328012684436401 9.22823558466109 -91.54393 11.05314 51.02
0.182000170731786 0.456646100691922 9.08917396539906 -95.15316 175.1755 53.55
0.165865503286697 0.333149574785016 9.54174717874842 -92.99476 14.88987 51.191
0.2097011963195 0.351196199998953 10.3079930229518 -91.19058 39.97791 51.02
0.200843522984502 0.34631702915835 10.2530535637271 -92.81244 32.67582 51.191
0.156338545887416 0.360475137797487 9.89669045446225 -92.51133 47.91169 51.191
0.154377885888064 0.306457565269158 9.51879569819195 -86.518868 3.669953 50.51667
0.200114153894648 0.39562589214181 10.1105833552566 -91.78182 72.91877 51.191
0.197170136033482 0.339709454340961 10.0835390213362 -82.29477 24.12021 50.18333
0.16257723121246 0.431055298783343 9.07524754756082 -99.06619 119.642 53.55
0.15649755094696 0.334624757491964 9.38008086476436 -93.05033 16.67696 51.191
0.179673453315392 0.349231371757222 10.2325566127766 -91.30836 37.44184 51.02
0.154710785385963 0.377427289799881 10.2124210363291 -92.18383 61.77373 51.191
0.220549242892242 0.392205353570159 9.62339168938244 -97.27143 72.14309 52
0.163149856224982 0.34450197106051 9.35286788477783 -98.29208 29.88537 52
0.194500136717413 0.320403124310577 9.34679194962687 -91.693206 6.065708 51.02
0.15835160979954 0.403758596678822 10.48113327906 -94.11257 80.10222 51.52
0.354935974688424 0.335836558366792 9.97076940243066 -93.10012 19.54782 51.191
0.154862490702543 0.459243291565077 9.18328459966695 -94.68316 182.3442 53.55
0.190203569349498 0.300565021433382 9.27750369529027 -86.651399 3.323205 50.51667
0.219781794305427 0.337204095811532 9.15210111583958 -93.09912 20.44185 51.191
0.160300018978445 0.326631813511284 9.38153384376949 -93.17708 10.17994 51.191
0.166222682267384 0.395428875240357 10.1454050476278 -91.84636 74.07262 51.191
0.253340548087283 0.358363352035631 9.91330895692163 -92.69465 45.91547 51.191
0.160328116851149 0.331696108661898 9.51386355437759 -91.70217 14.41987 51.02
0.159970209980006 0.384772913840114 10.0347505868848 -92.14746 65.85778 51.191
0.163228040522777 0.341413162868837 10.0392323968127 -93.05033 26.56747 51.191
0.159482543803137 0.426158001669087 10.2051512013588 -95.42988 115.1916 52
0.271901779881168 0.332981246698012 9.31258689592835 -93.16811 15.25815 51.191
0.244810767185386 0.352207080378372 10.0748529111201 -92.87698 38.79217 51.191
0.157627945142834 0.317625997055908 9.19142115662589 -91.79179 5.23949 51.02
0.191644866322511 0.380300247111439 10.2625990991794 -92.30161 62.54182 51.191
0.239157378079552 0.351924750140057 9.49237213713885 -95.36534 39.69179 51.52
0.202610139508558 0.308144684542005 9.10882645383686 -82.65044 2.863465 50.18333
0.161056209957657 0.355413575712786 9.56040859710953 -92.81144 43.84133 51.191
0.159594188699252 0.330092090619668 9.29312236013672 -93.24507 12.95612 51.191
0.218048713672472 0.383097284044629 10.0699473422438 -92.28099 63.83688 51.191
0.209623682801963 0.327303030286881 9.55134735655015 -91.810989 9.973512 51.02
0.15674521183907 0.388160772682573 10.1892506411328 -92.10587 69.59448 51.191
0.32143431056488 0.412612118334501 10.5581832125132 -95.02341 91.29547 51.71
0.190779185975131 0.302662300673634 9.16032842378667 -86.779151 3.112752 50.51667
0.175696480304045 0.333247066353328 9.84382629489168 -91.79079 16.86449 51.02
0.170337786234665 0.341995956408681 9.64430044493976 -93.16366 26.00007 51.191
0.198140448587854 0.3937435285602 10.7529284944445 -90.60224 71.16803 51.02
0.23623139465524 0.341333889135951 9.48688359924394 -91.72138 24.92307 51.02
0.166808433768575 0.389943245816699 10.5382278627863 -90.66059 69.7969 51.02
0.157178512261136 0.367794504635251 10.3124340852352 -92.6085 54.98521 51.191
0.155100451379252 0.338079622571671 10.1364429200244 -91.77936 21.58606 51.02
0.171878025871779 0.3365478881563 9.41374669638774 -91.81099 19.0576 51.02
0.155150226050008 0.429465801392497 9.68345306529866 -98.4774 117.6292 54.31
0.157136148222272 0.342798578603275 10.087615634706 -93.16811 28.58258 51.191
0.202238465499325 0.291481945709102 9.25444786371556 -82.752799 5.332184 50.18333
0.155340266984939 0.431800363246665 9.64637575592615 -99.17055 122.2903 53.55
0.266604675670811 0.348730969653576 10.2692196701867 -93.06375 35.29553 51.191
0.158250682093208 0.354308473074146 9.64966157278895 -92.95739 40.97941 51.191
0.196051746446089 0.312633456731452 9.1627060390707 -86.834721 3.119443 50.51667
0.158001664568378 0.286698628507886 9.1151241820513 -82.753799 6.428496 50.18333
0.178808637227986 0.34466951324618 10.0335714987489 -93.15236 30.26267 51.191
0.18065660069664 0.341019852002215 9.22171820231894 -93.23265 24.43781 51.191
0.161042456493078 0.321724233840931 9.22556466188009 -86.834396 6.901077 50.51667
0.163024403865477 0.372531996412456 10.1995905320249 -92.5405 59.18815 51.191
0.172375270533086 0.344562620194168 9.62252584191289 -93.19628 30.02069 51.191
0.19444482093172 0.346260867981869 9.89877064993328 -93.16466 32.49344 51.191
0.159659434174916 0.356839856342151 10.1686689341503 -92.94597 44.12625 51.191
0.155842661217894 0.382316444177231 10.1602716799745 -92.40697 64.49426 51.191
0.157950429809088 0.321701472202172 9.37688960882244 -91.96514 7.259061 51.02
0.170509379039984 0.393548831036118 10.0777221642503 -92.22365 70.37469 51.191
0.245160455206632 0.350960508601413 9.96984144010679 -93.11154 36.92868 51.191
0.157875367106341 0.350715156338322 10.00338069407 -93.12829 36.13899 51.191
0.177271522997376 0.371318388754437 9.9588518835301 -92.64486 57.53108 51.191
0.159367799184606 0.334029189077013 9.19951295369629 -93.39922 16.43587 51.191
0.304849502380244 0.325636812552518 9.42997079535087 -93.455794 8.628972 51.191
0.283322886316879 0.317746327996093 9.04990922105645 -92.029679 4.503946 51.02
0.173020141945983 0.323276512088097 9.52072846435552 -82.888331 7.951538 50.18333
0.185260317860826 0.349945758122259 9.95628644139167 -93.20448 34.92545 51.191
0.166450799547938 0.315710108338016 9.24351129770814 -92.05608 4.54101 51.02
0.196684018417233 0.462119511054365 9.38251498889476 -94.27769 190.4188 53.55
0.194156741338401 0.339735946229686 9.89146037285981 -93.3868 24.10606 51.191
0.164716287669696 0.334887976534118 10.202909680896 -82.85916 18.35854 50.18333
0.163682900964405 0.344830915348073 10.1022960019245 -91.83161 31.66761 51.02
0.248759809325236 0.456770756755694 9.50473799542553 -94.46102 177.574 54.31
0.22453257432044 0.360281500684545 10.3878493710754 -93.00573 47.30834 51.191
0.214836558346013 0.332590837966477 9.21345764952924 -93.50559 14.83081 51.191
0.286180755262263 0.383497392737163 10.8171652142562 -90.97786 66.99895 51.02
0.159661993955472 0.344191073815018 9.81396819552162 -93.35143 29.28338 51.191
0.177211862106089 0.328128914896055 9.43344476363571 -92.07947 11.31399 51.02
0.246945070884701 0.377073411997138 9.82440135716209 -98.00439 61.86863 52
0.157876705537121 0.348547801967448 10.0524553960059 -93.28244 34.56989 51.191
0.223209959871983 0.352928368529625 9.68257353783067 -93.2169 39.72619 51.191
0.164859530101294 0.376679855614761 9.67639260104875 -96.38253 62.36225 51.71
0.242487775087776 0.396560144767448 10.1966470861789 -92.25182 74.19783 51.191
0.17412270681041 0.346176008946533 10.1043050912894 -91.89715 32.29449 51.02
0.205601502253 0.393742348388014 9.81164343823156 -94.80572 72.89894 51.52
0.370698183854549 0.336719667747937 10.0415269295955 -92.05785 20.59444 51.02
0.183250035347623 0.339118697888071 10.2052728200122 -82.90895 22.30294 50.18333
0.254554109916653 0.334134775261494 9.42321155797213 -92.09867 16.67385 51.02
0.307307321768458 0.361711238939203 9.88336442042549 -93.03458 49.23564 51.191
0.179744375326109 0.361308580878731 9.87505623167215 -93.05033 49.32534 51.191
0.165814156882791 0.332910101905323 9.26546598560857 -93.60995 15.37392 51.191
0.155344391162156 0.33351286018499 9.83626632299071 -92.14846 16.19884 51.02
0.305215249710512 0.343918190496436 9.60212471677552 -93.46922 29.46619 51.191
0.292672546250374 0.331332716592227 10.0413827022777 -87.11343 14.92486 50.51667
0.155996050050809 0.352699949239858 9.59903359584035 -93.28144 40.54298 51.191
0.161230291405212 0.359903172895413 10.0908681166536 -93.13174 47.94238 51.191
0.155102283717182 0.3472528256456 9.75941714882856 -93.45579 31.98051 51.191
0.171582131321087 0.334305074458235 9.55965845299175 -93.63912 16.72092 51.191
0.15528869534567 0.404238532378823 9.90977984490885 -97.49457 81.04135 52
0.199138612101149 0.320532540910028 9.18717244757603 -92.252822 5.644272 51.02
0.201581898063015 0.322400085850664 9.1892685775011 -92.251822 6.677519 51.02
0.18105026640608 0.365310623931605 9.88774253664686 -93.00951 53.85069 51.191
0.195020115551078 0.341520345522498 10.137767524382 -87.02004 27.64903 50.51667
0.163131739068218 0.351122021048148 10.2296819385651 -91.89715 39.01006 51.02
0.167061450136008 0.3369639857798 9.42263453479414 -92.18383 19.75055 51.02
0.26549782062326 0.335994638868071 9.93750151368684 -92.18383 19.88878 51.02
0.167062596075151 0.339537770522856 10.0867092127115 -93.60995 24.12576 51.191
0.176932045473285 0.354249935626225 9.86520533414425 -93.32226 42.02981 51.191
0.158300049708382 0.348852295134126 10.0901813339304 -92.01393 34.30674 51.02
0.161937282999395 0.337359815672503 9.44413718000574 -92.21645 19.6287 51.02
0.18210713711561 0.380571110567794 9.87605581634038 -95.27572 63.20448 51.52
0.268287971692731 0.331900699288377 9.39199324825846 -92.26524 14.32752 51.02
0.169660187136978 0.348760503386735 10.1029079206031 -93.45579 36.22132 51.191
0.162776773404302 0.366001244801724 9.89276787544414 -93.11154 52.16439 51.191
0.215043906830773 0.329179195261176 9.54875374946475 -92.28919 12.24758 51.02
0.193463112330317 0.390842283239758 10.1186334993179 -92.57487 70.20756 51.191
0.156569981682849 0.436481660679076 9.41476467008816 -99.06619 130.9818 53.55
0.201323227181877 0.345719565955911 9.54388248900668 -93.58933 31.06137 51.191
0.191660741169672 0.435778053483641 9.01003273239982 -99.28833 127.7842 53.55
0.223990080616349 0.336900810697877 9.30288869619109 -93.7569 18.72771 51.191
0.168971003209014 0.32825790939365 9.47517782375563 -92.36715 11.00819 51.02
0.20770453351643 0.360969074886246 9.81081381119049 -93.28244 48.18909 51.191
0.171225240429706 0.297463846841717 9.05791822694857 -87.356968 3.122356 50.51667
0.232762957003164 0.371919065671041 9.82672351100075 -96.71181 59.466 51.71
0.189467669966544 0.325623339607492 9.0832009475022 -92.386353 9.116663 51.02
0.184852731836177 0.333331453459506 9.68850096351615 -93.79327 17.08822 51.191
0.158268264785637 0.40875505748885 10.1946478874091 -92.06605 85.45508 51.191
0.16854743070415 0.363151894197308 10.0776933226048 -93.2169 51.48566 51.191
0.198689447985605 0.34126879280868 9.83081341969694 -93.70711 25.51443 51.191
0.202178934083519 0.371008826408723 9.96695562486985 -93.05033 57.8017 51.191
0.286515007746155 0.440894835580826 9.082717487461 -98.59518 139.5748 53.54
0.155924396323263 0.379063717631343 10.2913564803184 -92.9096 62.70946 51.191
0.154448195229056 0.399020391678388 10.003082556063 -94.89188 77.5896 51.52
0.176810338178277 0.412858524833874 10.3979547893714 -94.44905 88.70503 51.52
0.159369355065771 0.364411962330768 9.80874058778709 -96.90578 53.28301 51.71
0.192242984717376 0.340960734195586 9.58510500508572 -93.7559 23.95543 51.191
0.163971113879072 0.38237353505233 10.1982840001082 -92.9086 63.89333 51.191
0.161165505535758 0.441041428515065 9.25228746404982 -98.4774 141.9882 53.55
0.17747971593376 0.323991462077711 9.27978978315816 -93.91105 7.530488 51.191
0.173833656072816 0.318679089397682 9.52602442522068 -87.425509 4.948237 50.51667
0.16212162095468 0.439745025980868 9.01305109080538 -98.88286 135.9514 53.55
0.220481177269955 0.40439029107081 10.4845074243077 -94.84209 80.51824 51.52
0.165824571559185 0.437709882782351 9.35709353536391 -99.06619 133.3359 53.55
0.167122576509083 0.331606562612689 9.04457457348373 -93.91005 13.59434 51.191
0.166514480672737 0.330796863725179 9.29805277118848 -92.47151 13.7399 51.02
0.412431916742625 0.319740594343645 9.38374857367025 -87.4753 5.163235 50.51667
0.166130745905333 0.387365305110316 10.1418019093699 -92.88043 67.23106 51.191
0.219931811674207 0.34986194468288 10.2044070081514 -92.18383 37.76084 51.02
0.279889427262639 0.384484751989131 10.0058566953078 -95.42988 65.37795 51.52
0.162010559752665 0.341988521976308 9.9080739019537 -92.37061 27.22576 51.02
0.20433255862499 0.464740968984732 9.39576896639478 -94.46002 193.6864 53.55
0.188765757121738 0.321851980971821 9.29487122855278 -87.527544 7.142243 50.51667
0.170209955409027 0.391580381149505 10.1676764483336 -91.40552 68.60928 51.02
0.212615191223774 0.340116055189332 9.66573024852799 -92.46331 23.70112 51.02
0.155885872837518 0.351708127517006 9.74179831497808 -93.70711 38.24507 51.191
0.205841270934826 0.378392485651143 10.1434882426754 -93.12829 61.99798 51.191
0.186390029856245 0.357441030579227 9.86088554858456 -93.57012 45.23458 51.191
0.155185589341097 0.360762444386106 9.8800354143202 -93.50458 48.59916 51.191
0.194976783448848 0.296224667678666 9.39118388531928 -83.56128 3.6007 50.18333
0.157966280071275 0.307350890691748 9.01782607393281 -87.61128 2.46913 50.51667
0.161542312948108 0.357829530292607 9.81001229019576 -93.58933 45.54742 51.191
0.158355034895185 0.349156381993502 9.77821253896627 -93.79227 35.35753 51.191
0.230032834228679 0.36217527617375 10.5490382722887 -86.99333 48.83552 50.51667
0.16227497403132 0.324210393303725 9.12921644778141 -92.658287 7.447805 51.02
0.168048198014027 0.336679868704076 10.1001638547481 -87.53952 20.25336 50.51667
0.173714505715894 0.37410735136781 10.0341978143259 -93.23265 60.45863 51.191
0.155073407184076 0.372036411532825 10.2339223324984 -93.2859 58.82912 51.191
0.226739883226894 0.346282980622173 9.72311546959786 -93.91005 30.19228 51.191
0.16065778320034 0.326983284454356 9.17514811235439 -92.65829 10.51737 51.02
0.189287192735492 0.362609070867324 10.1265887612693 -93.53376 49.70343 51.191
0.155834045644711 0.37103566831038 10.1733636274654 -93.35143 56.79899 51.191
0.18176902883226 0.357123770995054 9.85299866190262 -93.65154 44.79347 51.191
0.162244925509543 0.323925024778085 9.13812041477254 -94.133193 7.689475 51.191
0.172412938431575 0.331186651764914 9.39119656326675 -92.65829 13.80997 51.02
0.167052665928296 0.358457335584968 9.9657112889746 -92.18383 46.11524 51.02
0.238912081678253 0.442861012184067 9.1727165433013 -98.72871 141.9419 53.54
0.184228939345982 0.379064820162259 10.2978367428359 -91.79079 61.41439 51.02
0.240184249925941 0.332769133778072 9.12735372226856 -94.13319 15.87664 51.191
0.168731895708428 0.37028716365945 10.0739618944212 -91.96514 56.654 51.02
0.250944186371515 0.34006164654858 10.2009081954328 -87.57966 25.22242 50.51667
0.206331604100569 0.355067314400705 10.1562403224423 -92.28099 44.47159 51.02
0.160631959463652 0.439117079284284 9.52813094569023 -99.17055 136.0688 53.54
0.166632011845268 0.336411609870041 9.68541383922016 -92.69465 19.83234 51.02
0.154730437972107 0.369283251821123 10.2049617340284 -93.45579 56.74163 51.191
0.183746689346965 0.347551081346818 10.3165645188231 -92.50414 34.37016 51.02
0.172195426503785 0.336579808292983 9.64678907239996 -92.72283 18.4958 51.02
0.354324539179703 0.356635708198801 10.1967615229804 -93.79227 43.57781 51.191
0.179887921318341 0.355249350608671 9.49807689060476 -96.27817 42.78982 51.52
0.227479836970261 0.438784504407689 9.07370620065692 -99.42186 132.5645 53.54
0.162714727144631 0.368123376204486 10.1457005731093 -93.50458 56.29712 51.191
0.194026952592238 0.344706363268185 10.2359035994585 -92.59029 31.55182 51.02
0.178951587751207 0.353796973540616 9.90344604920738 -92.43514 40.6792 51.02
0.224600807667718 0.35053259925936 9.52018859269961 -93.97459 36.32001 51.191
0.157440903325686 0.320675943214989 9.2025341511136 -92.841609 5.454287 51.02
0.202538912486875 0.326992602512276 9.2700304258637 -92.82486 10.23137 51.02
0.165336580401999 0.355110996684228 10.0978749769641 -92.40697 42.56911 51.02
0.190982853297168 0.421431585701532 10.4147134279461 -95.36534 105.2682 51.71
0.167320196275394 0.3459994642748 9.39566680383782 -94.07995 32.16398 51.191
0.270553490603416 0.343965866457392 9.53621300273761 -94.13319 28.65281 51.191
0.163942201440925 0.356582595740999 9.80350882488223 -93.87023 43.69355 51.191
0.18111858646962 0.42334488801578 10.5368046685192 -95.29734 107.1577 51.71
0.189021777853694 0.341911646921496 9.44550731892505 -94.19773 25.23971 51.191
0.198070250633218 0.339348286297169 9.71804562405406 -92.77162 23.6236 51.02
0.192282343363566 0.40131730120418 10.274336894204 -92.84061 78.95991 51.191
0.178953577466935 0.364833717818622 9.75395148871397 -93.70711 52.10161 51.191
0.240763529831442 0.345090936292877 10.2452451862639 -92.68123 31.29253 51.02
0.167584997914669 0.362179622428186 9.95673372015248 -93.77165 49.73408 51.191
0.172420174314964 0.466744889823702 9.10011036877177 -94.27769 199.4992 53.55
0.172320219969207 0.361456641237496 9.54002628934773 -99.16855 47.05597 52
0.16822728769287 0.298653286537043 9.53232355836158 -87.957406 3.654611 50.51667
0.208179425716428 0.333010663064791 10.0181461102121 -87.89897 16.60936 50.51667
0.347860827806616 0.390047443937722 10.2095493913648 -93.2179 70.37825 51.191
0.162289736454532 0.354248228210025 9.66944060338453 -94.01541 41.18933 51.191
0.328154283952075 0.36915292888871 10.0464204287523 -92.19625 57.30141 51.02
0.184947030870018 0.343544587778711 10.2675538264293 -92.82719 28.11208 51.02
0.15790336747666 0.37873142558827 10.3344620463009 -92.08292 61.60023 51.02
0.341836689085482 0.328886644010383 9.41859850247172 -92.99476 11.3127 51.02
0.17992529552027 0.367442230528431 9.67008481285747 -96.24081 53.66321 51.52
0.177151133353112 0.333320666817221 9.13372295794735 -94.42088 15.96696 51.191
0.195020068534855 0.350100542029817 9.85027476227885 -92.72283 36.01727 51.02
0.187363466983627 0.395292330850538 10.1397050078208 -93.16811 73.5738 51.191
0.268481767454509 0.34043784249838 9.7100573218525 -94.38005 23.37647 51.191
0.295344752742875 0.395457906961925 10.1559857727715 -93.16811 74.26511 51.191
0.198446584095605 0.41332823932316 10.4993489354642 -94.9033 92.75913 51.52
0.164118670948698 0.321594255396681 9.10963349064327 -93.063752 6.901507 51.02
0.189763177541107 0.321847317517852 9.24730095934082 -93.063752 7.206025 51.02
0.181964714529882 0.358007765527501 10.0195621448619 -94.00721 45.93515 51.191
0.176537439768994 0.358756889541008 10.2473192908479 -92.52476 47.41082 51.02
0.157321475494707 0.340615045897509 9.3734824723557 -94.38005 25.05131 51.191
0.244059964225997 0.364577387494713 10.2275880120758 -92.40697 52.62935 51.02
0.224355989368739 0.339779484825775 10.0573575477272 -92.93022 25.7828 51.02
0.179651227121612 0.374384056269758 10.3110158009571 -93.72773 57.95086 51.191
0.192734218375883 0.466106433421356 9.67877765192232 -94.27769 201.1199 53.55
0.191266348773691 0.345860146526435 10.1983113362875 -92.84061 33.11866 51.02
0.157645318237371 0.354213359269114 9.88532234475878 -94.14074 41.31604 51.191
0.255335081654223 0.349297809590044 10.3430331133674 -92.77362 37.19263 51.02
0.225312971783346 0.310854912754331 9.62188353703338 -84.100272 4.296563 50.18333
0.206377060232668 0.39311324893839 9.89253378286814 -93.32226 71.33656 51.191
0.157475126850834 0.345108332948703 10.208749137897 -92.87698 31.60076 51.02
0.216200043294961 0.360017022200032 9.80046767713316 -94.01541 47.60028 51.191
0.187911094221199 0.365895512037349 9.82525790127199 -96.34617 52.86371 51.52
0.168242573294178 0.377310165624658 9.98219294334606 -93.63812 62.01893 51.191
0.175953412542411 0.339873770730913 9.49991715950018 -92.99476 23.62883 51.02
0.159868997425476 0.32696847649354 9.72192265372211 -88.10291 10.50384 50.51667
0.163949533661806 0.330484812095779 9.97630574511376 -88.08948 14.4276 50.51667
0.163102225927681 0.361555454158272 9.49990119526354 -99.28633 49.91358 52
0.155238698229533 0.378506400972118 10.198333344631 -93.63912 62.62852 51.191
0.315872551204869 0.364381083156304 10.0508375284322 -93.91005 53.04517 51.191
0.159340229316774 0.365420892208598 10.2434111534934 -93.91005 53.43474 51.191
0.20353751064238 0.313657663306786 9.13732120711275 -88.157477 3.680739 50.51667
0.210424578085625 0.372820758029551 10.3362758540539 -92.31736 58.71731 51.02
0.166769040300104 0.44186169064414 9.60980885406048 -99.06619 143.1837 53.55
0.187461823210242 0.375576162725115 10.2514370930268 -92.28919 59.83123 51.02
0.185874734183893 0.371352573119579 10.0329268157712 -93.80569 57.70224 51.191
0.17941069922756 0.336258109572249 9.20439805882492 -94.53866 18.5395 51.191
0.200945325421855 0.332590421298714 9.35017766604425 -93.12829 14.54566 51.02
0.217088896426514 0.426009125259378 10.2806569769477 -94.04458 112.2296 51.52
0.298147450292545 0.334420574036095 9.29719653624181 -94.56683 15.91474 51.191
0.201262726424948 0.354764733239467 10.2374556415962 -92.70708 44.32518 51.02
0.489287081458512 0.352359787098352 10.2179555850064 -92.81244 39.90307 51.02
0.156049891610947 0.362727393702459 9.86894672633886 -94.04458 50.44974 51.191
0.15881096301113 0.355578227764704 10.0500413185706 -92.77607 43.36902 51.02
0.165583597732569 0.327057764593415 9.15151082012496 -93.2179 10.13729 51.02
0.161078622440994 0.352451801968097 9.58989527253357 -94.30309 39.63133 51.191
0.309704263952446 0.389600430606256 10.2730250907783 -87.0043 69.22399 50.51667
0.176251690711538 0.364543730218576 10.2232277838979 -92.59029 51.89468 51.02
0.186367443150154 0.320127927859291 9.10954591629753 -93.246074 5.979963 51.02
0.278222920916378 0.37029521389305 10.5906725269818 -87.39434 57.66077 50.51667
0.172239408104295 0.381316132935386 10.31462540964 -92.26524 63.41013 51.02
0.257067378462971 0.345809973143632 9.78788730094258 -93.02293 31.00247 51.02
0.156722521852633 0.376049252739747 10.1440758678764 -92.31736 62.05884 51.02
0.190450779716332 0.361592750878781 9.99899808503128 -92.61747 51.43726 51.02
0.199417092076782 0.328780589880834 9.41501484887142 -93.24707 11.31049 51.02
0.204944803152842 0.372585398330873 10.3323114596079 -93.91105 57.87523 51.191
0.213526798467974 0.379689405808658 10.2228965508063 -93.74348 63.54538 51.191
0.167883440677349 0.349163862361817 9.75658105245275 -92.99476 34.41682 51.02
0.21914441824039 0.299591667562244 9.05184328425634 -86.364717 3.016606 50.35
0.159189263105658 0.400441973889952 10.1393345678477 -93.33469 75.90546 51.191
0.200457760397157 0.394261436096922 10.2072023599557 -93.45579 72.97878 51.191
0.314830538322835 0.342339254361825 10.2924782287665 -86.22254 25.46609 50.35
0.231145549796066 0.33512916331705 9.19064272307696 -93.23365 18.54541 51.02
0.160635757312119 0.339375094452254 10.0164482554065 -93.17808 24.12921 51.02
0.157039849708969 0.379276670387724 10.1632055698263 -93.79327 63.16973 51.191
0.33389584382984 0.354035675617144 10.2530101544653 -92.84161 44.25959 51.02
0.294037976866721 0.466497325174229 9.18448947392737 -94.81669 197.7944 53.55
0.160437436393338 0.421134903299087 10.828843675877 -94.61895 103.9948 51.52
0.2048212959666 0.350485590511236 10.0839832953796 -92.98234 38.21461 51.02
0.159380608612749 0.419687941932659 10.2821909915425 -92.25282 101.7926 51.191
0.187769879852705 0.390027624743199 10.4205454929518 -93.67794 68.09515 51.191
0.221275035338749 0.446448630080855 9.26830094212142 -98.59518 152.8942 53.55
0.179171586278757 0.35904275719353 10.1020718628649 -92.87798 45.03079 51.02
0.159712616814177 0.352910842866203 9.79355781930755 -92.97414 40.81439 51.02
0.158168670531727 0.388738636740868 10.2995609556312 -87.18562 68.40378 50.51667
0.208831056114877 0.356432870696003 10.2293874363344 -92.87698 46.1799 51.02
0.3013962289493 0.457215140308364 9.15874538197321 -96.7626 176.9589 53.55
0.246065433440696 0.348965257594255 9.93246332272624 -93.11354 34.62764 51.02
0.218592374825389 0.349406681728106 9.78677775904192 -93.10012 35.61783 51.02
0.207765137552739 0.362182315224395 9.67773550770636 -96.71181 49.27042 51.52
0.211177112957816 0.371686070582635 9.90281196092717 -92.58929 57.90872 51.02
0.336201915309229 0.351946671676689 9.70408512212925 -94.48541 39.28782 51.191
0.156732141707599 0.43270471395415 10.5238453246945 -94.78652 125.4816 51.71
0.177573157838079 0.448342504821464 9.06995140747498 -98.37204 156.7398 53.55
0.170332728158642 0.342676242229308 9.97847663704748 -94.70856 26.62646 51.191
0.212513141909349 0.382100804306809 9.97421442880856 -92.39878 65.08125 51.02
0.207392534611145 0.360053405366207 10.3833393579618 -94.30309 49.07963 51.191
0.244806760985422 0.442213674531436 9.26745018711539 -99.42186 141.8825 53.55
0.445900682394541 0.334208627704483 9.82291864951995 -93.3878 17.53283 51.02
0.184458371639777 0.34034986705125 9.49539930642588 -93.33569 23.40959 51.02
0.358205953715092 0.360193929789308 9.79277357272472 -94.34369 48.50849 51.191
0.214497548451854 0.347964067227007 9.93943151123367 -93.2179 32.62866 51.02
0.165193664950872 0.376276257852092 10.1050834930735 -92.55293 61.32531 51.02
0.198219311806315 0.344304552691099 10.0649696080988 -94.68794 31.34305 51.191
0.181972203175175 0.326165684777819 9.36022805136005 -93.469217 9.764092 51.02
0.193865378942656 0.402190223526659 10.2130846339197 -91.96514 78.67997 51.02
0.223112654776221 0.348442860988342 10.1685286902635 -93.17808 36.19538 51.02
0.233943540727474 0.361142934348643 10.1461892909714 -92.94597 47.60849 51.02
0.244483194347795 0.325370574122562 9.50066650126531 -88.50837 10.34786 50.51667
0.156871646074576 0.362128686931722 10.3004519631104 -92.94597 48.65091 51.02
0.208110294645015 0.338543619287056 10.1094912266874 -93.40022 22.9667 51.02
0.172115856210665 0.371686826528948 9.98540837792657 -92.69465 58.6397 51.02
0.155785153963774 0.465191611305118 9.24519656920846 -95.15316 196.5325 53.55
0.279344129329964 0.37803245732635 10.6714757600793 -87.53232 63.19561 50.51667
0.252413350432455 0.340241253119928 9.52790509900544 -93.41597 23.86602 51.02
0.18656746052999 0.340928743950321 9.38756179808251 -93.41597 25.13689 51.02
0.170169982842415 0.405799668974613 9.96451283980859 -95.83534 82.23181 51.52
0.236290409745778 0.465271178060545 9.05160475632126 -95.37631 194.4707 53.55
0.181277733272581 0.443760834519897 9.05792060919759 -99.28833 145.6851 53.55
0.154599203077052 0.408002880168335 10.0774828212396 -93.30164 84.36734 51.191
0.320261050009229 0.375011725578632 10.1472626887677 -92.72283 59.76517 51.02
0.250022153169547 0.382508055834977 9.93723064682325 -93.97904 66.5895 51.191
0.19058587413049 0.370773127768061 10.1758033812001 -94.26672 57.73029 51.191
0.179227340216776 0.350894893381547 9.72701343693025 -93.31507 36.52937 51.02
0.160490121996095 0.389791814039832 9.97766237032216 -93.89763 69.84941 51.191
0.154652105106562 0.393948444981396 10.2489025241659 -92.39878 71.40333 51.02
0.188600193347908 0.394974427124773 10.452459559456 -93.7751 73.87518 51.191
0.1637773426139 0.354807890877475 9.6662978668238 -93.24607 41.69027 51.02
0.168825001009932 0.346212259857479 9.32228932561318 -94.85451 32.46907 51.191
0.154293946062207 0.384815336459178 9.06998477684321 -99.3429 66.20454 52
0.161209211111577 0.467646874361123 9.58090462660618 -94.56538 203.9454 53.55
0.173479172735062 0.406106654265033 10.3173877583078 -91.87553 85.66742 51.02
0.192351450691226 0.41129127751322 10.2661140979968 -93.18154 89.29208 51.191
0.324205915896183 0.368634685546023 10.1305338230523 -94.38105 55.3695 51.191
0.157524066295751 0.398364727930177 10.067492062613 -96.17281 76.32075 51.52
0.19628273433158 0.396451761751448 10.1069033460474 -93.74348 75.56086 51.191
0.201290353675867 0.334725819472862 9.54287776711835 -93.62337 17.10463 51.02
0.176677111072187 0.40722280365043 10.1574091186806 -91.96514 83.81274 51.02
0.189378173648619 0.323281737227383 9.01297891561918 -93.68791 6.85947 51.02
0.200765042312372 0.363193869855772 10.2406530022467 -93.06375 51.25833 51.02
0.183719298146546 0.304363341520596 9.41253219354995 -86.83472 2.83127 50.35
0.201526924260477 0.329707231387102 9.49929368633226 -93.68791 12.53861 51.02
0.196899494969216 0.359268282670601 9.69815048948462 -94.6032 48.16365 51.191
0.158361205213605 0.339041543869401 9.45862562852853 -93.60275 23.16405 51.02
0.287184067421669 0.331575864798385 9.3172620018851 -93.68791 13.74851 51.02
0.258471200642431 0.365160774057476 10.1005905543156 -93.10012 50.90439 51.02
0.171796207670793 0.463476012977347 9.17845090202411 -94.46002 195.4824 54.31
0.18630579103595 0.369583200084631 10.3045612536646 -92.99476 55.89283 51.02
0.288331170460073 0.373835153413715 9.34216467500359 -99.61483 60.03493 52
0.239932761456442 0.387020487980038 10.2387951268853 -92.68646 66.51066 51.02
0.209663204701549 0.470405454577603 9.67977951308597 -94.12354 209.3167 53.55
0.2300272111369 0.337354817754534 9.42835983702751 -93.68791 19.149 51.02
0.163259798107078 0.351841799883683 9.79014351942185 -93.4284 37.9234 51.02
0.17883945634538 0.41129377123932 10.2892749337378 -93.2169 90.75346 51.191
0.209661542757437 0.369259956269052 9.84318831025417 -94.45005 56.6566 51.191
0.171045956863518 0.3873513510125 10.117298391135 -92.65829 67.97628 51.02
0.218602908928333 0.37703599585443 9.80783592820551 -98.00439 60.96258 51.71
0.155589778886561 0.387192233245032 10.2955273540545 -92.65829 68.29736 51.02
0.182184829778161 0.334110415252605 9.18254566738641 -93.74115 16.77901 51.02
0.300654678529473 0.342030881751258 10.0016063181427 -93.63912 27.65945 51.02
0.163126761675186 0.448628887310233 9.11899181730583 -98.72871 156.976 53.55
0.160722759726706 0.416075246146448 10.2643815593245 -92.99376 96.61353 51.191
0.156771887769476 0.315923574901793 9.58868383893522 -86.953504 4.582375 50.35
0.189795998315657 0.37734353781941 10.250073328086 -92.94597 60.37816 51.02
0.191257485365109 0.327183427175073 9.05995494979385 -93.821438 9.788842 51.02
0.283106875577906 0.30999838736632 9.47206937459298 -86.968252 2.927806 50.35
0.161293446393798 0.40234225970156 10.1381807455727 -93.72773 80.11378 51.191
0.16748836986243 0.342664625449159 9.67387907237882 -93.68791 27.1212 51.02
0.262734445123515 0.363779190284879 10.5949825643706 -88.24609 50.59959 50.51667
0.212467467212406 0.361967703616082 9.56880000241497 -99.97948 49.31248 52
0.238019227390166 0.415219588189616 10.286129717047 -93.12829 94.71855 51.191
0.199619565518037 0.390210715137867 10.2760311565821 -92.65829 70.61687 51.02
0.199517150476204 0.410571764405039 10.2422728343329 -93.50458 86.58847 51.191
0.295124026875101 0.470775542607827 9.04060048216081 -94.46002 207.1857 53.55
0.198318788142381 0.359362824347095 9.67852193461146 -93.35143 47.46378 51.02
0.271754002301037 0.390408508153447 9.99156035264019 -94.16136 69.8035 51.191
0.172698741565752 0.294998530263262 9.29629137225001 -84.974969 4.535343 50.18333
0.184562534777712 0.37034820322547 9.88778041492263 -93.10012 57.5563 51.02
0.197253630894583 0.359073506743961 10.044702721952 -93.3594 47.57255 51.02
0.179680849669614 0.382686508133074 9.96321288704685 -92.84061 66.14385 51.02
0.200466851891389 0.376680549645547 9.45593736690547 -99.67937 62.53727 52
0.289636683446554 0.385114456024196 10.0153239010227 -92.81244 67.2067 51.02
0.299457797269148 0.383191460936342 10.0465228382347 -92.88898 64.91326 51.02
0.183152217922974 0.400404249891825 10.2234380185124 -93.91005 77.24054 51.191
0.36507983266612 0.305446723208267 9.4490899224234 -87.057864 3.631237 50.35
0.155863139335226 0.400446786470426 10.295793358122 -92.48393 76.88951 51.02
0.238102672283077 0.360797422524512 10.3132952399942 -93.40022 48.14929 51.02
0.208757527761966 0.33255087522761 9.15383257324444 -93.91105 15.24546 51.02
0.174671532024917 0.338565114121223 9.32574350080775 -93.87023 21.72338 51.02
0.205636590699118 0.380800772414327 10.0002573694951 -92.94597 65.32227 51.02
0.173226659517175 0.383057786636653 9.21830583118001 -99.644 66.5262 52
0.159891803542696 0.443780396574013 10.2057567850547 -99.39269 150.0303 53.55
0.157891627332004 0.340717185004645 9.34728196334826 -95.29634 24.46228 51.191
0.157524919258485 0.381052489181029 10.1255563764653 -92.99476 64.75522 51.02
0.205021100208664 0.360786803232635 9.86955592142334 -93.46476 48.29276 51.02
0.197021077636983 0.445408238929702 9.2449197487072 -99.42186 150.0186 53.55
0.168871920514094 0.338759595697908 9.59564682065091 -93.91105 22.94075 51.02
0.158583522759651 0.316135757666268 9.30832655110006 -87.192396 4.440416 50.35
0.276656048801297 0.470313115608608 9.08083489712721 -93.46676 208.8254 54.31
0.165902729974922 0.397293123627337 10.1997158882164 -92.69465 75.19002 51.02
0.19300543712942 0.359813343422989 10.4613278874592 -88.54952 47.58618 50.51667
0.214245746536047 0.468769051367951 9.04769078030604 -93.76687 206.0514 54.31
0.172078761869782 0.331305662648763 9.26297643046653 -94.04458 13.53685 51.02
0.154315498117972 0.33231390750926 9.16267146749198 -94.04458 14.28829 51.02
0.217944786465381 0.375507800165413 10.0425309745497 -93.19728 60.58703 51.02
0.185560097012809 0.401614184515389 10.7503464017701 -94.00199 79.3285 51.191
0.214118915343971 0.323593357066541 9.62555937835693 -85.170713 7.428566 50.18333
0.184659213374778 0.33700360687644 9.59088888582505 -94.00376 19.75961 51.02
0.190154245341572 0.356620260475728 9.60382299975929 -95.02441 45.85981 51.191
0.15437339328288 0.34859442078093 9.57218856208154 -93.82144 34.31378 51.02
0.202674551119459 0.288614037415271 9.18147989431894 -83.655666 6.046389 50.06667
0.1832881616808 0.404208199700046 10.2537374074772 -92.52476 80.5738 51.02
0.193405063055772 0.437612527130957 10.5939681698419 -94.59077 139.1893 51.71
0.193313917166703 0.363738750912518 9.76897293256642 -93.46476 51.98422 51.02
0.169936530204526 0.376648046651923 9.22013490672969 -99.93069 61.35566 52
0.192373394517469 0.464630586122343 9.02509537097759 -95.66399 197.3938 53.55
0.210094472292381 0.37185354374334 9.25813776700484 -100.0203 58.6063 52
0.193062172718691 0.408938223537454 10.1960158476538 -93.79227 86.22846 51.191
0.160691955857275 0.394431122061845 9.5122111043784 -99.61483 72.42676 52
0.160323550105095 0.346779933079006 9.86270265408646 -93.91105 33.22113 51.02
0.255819931244477 0.379705851555712 10.0608726060997 -93.19728 63.77288 51.02
0.210027195649244 0.399356905242457 10.0177269470972 -92.72283 77.48584 51.02
0.305391890698942 0.403192891251418 10.3182459646553 -92.65829 79.16377 51.02
0.165692641772132 0.473745342088631 9.3022995253969 -93.76687 216.869 53.55
0.163864877525434 0.445694727657157 9.23740425835095 -99.57601 150.1009 53.55
0.271214234359685 0.381438531720985 9.96443278447778 -93.19728 64.53511 51.02
0.156497236431796 0.367936043269412 10.0234262707851 -93.46922 55.31569 51.02
0.175827246489929 0.384641008012946 10.1012069283505 -93.12829 66.75786 51.02
0.28655287393074 0.365451648154465 9.95579462398135 -93.53376 53.16519 51.02
0.155622631830341 0.384331825132228 9.95729326498051 -94.58358 66.5602 51.191
0.19570011506542 0.408669791674778 10.4731144720136 -96.34517 85.41774 51.52
0.154630381631277 0.465693387592421 9.55848448604951 -94.68316 198.2817 54.31
0.168610078769861 0.393058758700302 9.63958149941383 -99.63058 74.33989 52
0.337828007592175 0.34328280794466 9.24717890207777 -95.49887 27.91267 51.191
0.268214976693851 0.38333037782363 10.2860157532972 -93.2179 65.362 51.02
0.18293487515622 0.303053964739602 9.54582845481718 -89.320628 3.212915 50.51667
0.225385054294325 0.416506158381127 10.1900131331886 -93.40022 97.18479 51.191
0.335149019783507 0.404155219079635 10.2994384461897 -94.10812 80.9343 51.191
0.212485572741035 0.385241186028208 9.37552582560587 -99.90251 66.21803 52
0.22178398596868 0.473976069256047 9.41370912782833 -93.76687 217.5059 53.55
0.165213154669865 0.406363590454891 10.167735374828 -93.97904 84.38516 51.191
0.170925312651897 0.427123120661224 10.7462709933751 -96.17627 115.8474 51.71
0.236311821403686 0.392467922623918 10.2811669891907 -93.05033 70.93379 51.02
0.203129627889563 0.389681764935056 10.2800884081329 -93.10012 69.55772 51.02
0.184731679900299 0.343009136770427 9.37059171087584 -95.51949 28.29438 51.191
0.218330375539353 0.370380360798885 9.36340816927271 -100.20262 56.14887 52
0.167374028674544 0.409404815887701 10.1742149375892 -92.43514 86.90537 51.02
0.156990074493921 0.445966106775132 9.19638957022573 -99.57601 151.2438 53.55
