1 0.317017209752334 9.27959630794499 -76.799703 5.418779 52
1 0.314980652786077 9.04892300026122 -78.253989 3.694318 51.71
1 0.319527979327409 9.26977597795627 -76.982024 5.078111 51.52
1 0.314603538536396 9.34734336938216 -77.59721 3.525782 51.52
1 0.315187876341837 9.17062044262123 -79.155857 3.585733 51.71
1 0.382678342123892 9.8909882028921 -80.21232 64.25098 52
1 0.381883743577171 9.67219024007844 -80.56554 64.2542 52
1 0.388763465412202 9.81562920965844 -80.55212 69.44461 52
1 0.381881443460888 9.80080294817769 -80.92122 64.35727 52
1 0.381063584497671 9.7924640908012 -81.25769 63.55143 52
1 0.395858571525316 9.94944940347356 -80.89305 73.79694 52
1 0.38196956149487 9.79611583082083 -81.58619 65.06606 52
1 0.395511478792936 9.95783061322474 -81.48083 73.62631 52
1 0.317770388686017 9.06619586600194 -83.631269 4.435162 52
1 0.309866375466244 9.13906893905159 -82.322617 2.964765 51.71
1 0.379710661700929 9.73592420329805 -83.56128 63.90696 52
1 0.387614151988566 10.5802569215635 -83.5777 67.80144 52
1 0.319043986119851 9.28867097282723 -82.973489 6.049689 51.71
1 0.380997576687882 9.85618627046426 -83.9012 64.82686 52
1 0.389492557103218 9.69867985444416 -84.00756 70.94648 52
1 0.368075386189062 9.87690638765514 -84.63517 54.23326 52
1 0.387876942727278 9.87138834806235 -84.12535 71.69201 52
1 0.404249748440274 9.99311856655946 -83.73563 81.0622 52
1 0.374034904352958 9.87598594842113 -84.88303 60.32902 52
1 0.377812988538528 9.406088391283 -84.83424 61.83158 52
1 0.38902324147156 9.76127257251465 -84.63517 68.20294 52
1 0.373579153513978 9.64998645181217 -85.16971 58.82448 52
1 0.38731426676442 9.66931563841132 -84.95102 68.54311 52
1 0.378646473499565 9.71040640651535 -85.21053 62.24709 52
1 0.364026583596203 9.61758725043355 -85.616 49.60469 52
1 0.389621728609515 9.88685228617793 -85.10517 70.07493 52
1 0.384188627232481 9.788554792869 -85.17071 68.32578 52
1 0.375013066362862 9.80922243382113 -85.4584 60.72785 52
1 0.385850493808269 9.69952817994315 -85.27507 67.34776 52
1 0.386285607605855 9.7622672023144 -85.39286 66.26378 52
1 0.383106054672047 9.80992405548048 -85.39386 66.51591 52
1 0.330004950422884 9.85053954371224 -83.26462 13.74204 51.52
1 0.385267016934578 9.84728689711349 -85.39386 68.37391 52
1 0.389645745398882 9.82013685695522 -85.27507 71.65452 52
1 0.391643595774101 9.71738483439085 -85.39286 71.02155 52
1 0.395164912469538 9.93094376678626 -85.34407 73.88406 52
1 0.387434247990791 9.8846068806967 -85.52639 69.28451 52
1 0.373582545331976 9.73277700488163 -85.93185 58.86692 52
1 0.395871398200418 9.9324594681055 -85.38043 74.58697 52
1 0.39376958107233 9.94861657003612 -85.49822 73.38574 52
1 0.373621988420883 9.81804682348256 -86.02147 59.09075 52
1 0.409013943898147 9.93334731931531 -84.98839 85.81747 52
1 0.388424027636852 9.58324736542804 -85.68154 71.06685 52
1 0.375566084395483 9.69644301810091 -86.086 62.89091 52
1 0.367268504941142 9.4950168455719 -86.49147 51.30163 52
1 0.378843697358574 9.74206236646362 -86.18417 61.95612 52
1 0.398496835784828 9.9659107327773 -85.7859 76.50041 52
1 0.315351102436468 9.13100551425456 -81.368505 3.973132 51.191
1 0.311963693539431 9.09103188086207 -81.403872 3.163264 51.191
1 0.377321935860389 9.30468549177063 -86.52064 61.89112 52
1 0.392501785633083 9.87077994251812 -86.086 74.05169 52
1 0.394689370858005 9.79354824617678 -86.086 74.38524 52
1 0.382012425151405 9.80397547426129 -86.38711 66.67355 52
1 0.389046977280791 9.92489557379612 -84.47657 68.03381 51.71
1 0.382232308267879 9.26863305282063 -86.52064 64.81732 52
1 0.39135867384099 10.6368314938224 -84.43743 71.21815 51.71
1 0.350472077580847 9.40749553285408 -85.52739 37.4276 51.71
1 0.379504114288075 9.5056976915431 -90.97886 64.39306 53.32
1 0.403032192377437 9.96491331162795 -86.26933 79.71732 52
1 0.356123878826173 9.74559141904764 -85.616 44.27959 51.71
1 0.407601292901643 9.93744857124911 -85.98164 87.74833 52
1 0.374843447105946 9.62925712885445 -87.06783 60.58711 52
1 0.390610203017519 9.92784323425754 -84.90223 70.33451 51.71
1 0.393903304785026 9.82243617966756 -86.59683 74.78322 52
1 0.36224145653578 10.5944894908517 -84.17991 49.58736 51.52
1 0.338916106282592 9.40920313712712 -87.93533 22.4884 52
1 0.392367308780225 10.8635248859514 -83.47334 71.68221 51.52
1 0.401277490854471 9.90003005901361 -86.49147 78.25588 52
1 0.375419658962809 9.704817950336 -87.17219 60.47157 52
1 0.374010386007719 9.77656214294501 -87.18462 60.35119 52
1 0.385708842103126 9.68950546949462 -91.16118 69.13275 53.32
1 0.346647102698763 9.63594904668301 -87.90616 31.4296 52
1 0.388722146347433 9.85909079191835 -86.88451 70.37742 52
1 0.303771553933332 9.60722659299805 -82.200379 1.752135 51.191
1 0.33856823817388 9.38472251331638 -88.10191 22.16769 52
1 0.381797348027184 9.87721080679881 -87.18562 64.38027 52
1 0.386769414144067 9.76857963260214 -85.24767 67.49101 51.71
1 0.386103190826865 9.49026659975569 -91.3435 68.17035 53.32
1 0.370506651584713 9.50419206164232 -91.78979 55.39474 53.32
1 0.390680258189877 9.67535383764514 -87.00229 72.25456 52
1 0.310763446540826 9.15010224965673 -82.403904 3.536733 51.191
1 0.330325803500243 9.38585823244898 -88.37617 12.55848 52
1 0.372210631124268 9.76077905102743 -87.57766 58.49763 52
1 0.397382509119541 10.0671694624935 -87.00229 75.84268 52
1 0.386237866708377 10.4361699883284 -84.12912 65.95264 51.52
1 0.310870970634493 9.05848033663089 -82.52169 2.80256 51.191
1 0.369708303616509 9.63431254210215 -87.72461 55.42159 52
1 0.389988533257374 9.77448062561147 -87.3024 70.2625 52
1 0.37959503074989 9.67590193212347 -87.59108 62.40375 52
1 0.337171927566143 9.60810865552729 -86.68977 20.11146 51.71
1 0.292512004593048 9.40119053060646 -82.63502 4.94821 51.191
1 0.375428610067284 9.74884169011462 -87.69544 59.8069 52
1 0.382349097748783 9.81675130066858 -87.59108 63.44956 52
1 0.377106445372145 9.55174083278171 -87.65562 61.983 52
1 0.337603233298445 9.81445943610504 -86.81032 20.49166 51.71
1 0.401136903504967 9.9157288845559 -87.18462 77.56908 52
1 0.301822302183857 9.04992224794727 -81.17076 2.793347 51.02
1 0.38580850322191 9.86666155526974 -85.79832 67.14058 51.71
1 0.312628334733175 9.41187692946837 -81.236299 2.897034 51.02
1 0.402444371540315 9.95020236869302 -87.21379 79.54274 52
1 0.370285768195215 10.1616037976199 -88.10191 57.25569 52
1 0.304830800993839 9.14844208859957 -81.378155 3.495472 51.02
1 0.382667173065381 9.7813609063126 -91.18858 65.37926 54.31
1 0.314701389329251 9.02360811925063 -81.404873 3.226368 51.02
1 0.349029606717784 9.73365028370343 -88.73052 34.95803 52
1 0.39527823871824 9.95554532983698 -87.67482 73.17001 52
1 0.30443492741432 9.051848548915 -81.52743 3.11739 51.02
1 0.295186609149063 9.34882907859805 -81.56457 3.89259 51.02
1 0.413046930249906 9.97462475484861 -86.89793 93.6918 52
1 0.308271846958341 9.36815438950351 -81.627016 2.751648 51.02
1 0.344201065168634 9.87307154926411 -89.0172 28.33387 52
1 0.377380215260492 9.81636759241625 -88.28423 61.37473 52
1 0.310958321778464 9.26104049339261 -81.749578 3.123821 51.02
1 0.302445528260647 9.23048598807284 -81.773294 2.531762 51.02
1 0.409574267971431 10.3138547152859 -87.47775 85.2179 52
1 0.306220608336749 9.10405975783061 -81.864907 2.722779 51.02
1 0.30847566226098 9.03247179616196 -81.894079 2.176761 51.02
1 0.36258066453973 9.63240467632135 -88.85859 49.62543 52
1 0.386425266291411 9.73248273504069 -88.35322 67.00974 52
1 0.377842391593783 10.2984811797464 -88.59211 60.04288 52
1 0.342855971325351 9.90434513103435 -87.51412 29.51464 51.71
1 0.354157278548845 9.62006258048868 -89.25609 40.96014 52
1 0.32338105129202 9.75400349511573 -83.77445 7.775602 51.191
1 0.357080574764276 9.98555804404226 -89.21972 44.81241 52
1 0.315874506243796 9.441044568979 -82.220582 5.109039 51.02
1 0.341090855236214 10.1393273547834 -87.8018 25.90418 51.71
1 0.374554758450348 10.2011196922794 -88.8108 61.16382 52
1 0.355924391698444 10.417147626352 -86.11618 43.82007 51.52
1 0.338677689310826 9.30619605455273 -87.91959 20.64836 51.71
1 0.386366767077188 10.330571516122 -82.75103 65.69958 51.191
1 0.294422660912798 9.14705446101522 -82.333911 4.141429 51.02
1 0.302440377626386 9.10304565926068 -82.350787 2.570872 51.02
1 0.350799132991695 9.43492275851108 -89.52802 38.42564 52
1 0.355160311838943 10.2805644002372 -87.64765 43.13072 51.71
1 0.379257980679525 9.93650774577498 -88.8798 63.75379 52
1 0.343360299732848 10.0038947857648 -86.56246 28.45574 51.52
1 0.34490326673948 9.70477523559497 -87.94776 28.63241 51.71
1 0.329054751554958 9.6958577210042 -88.13208 12.3299 51.71
1 0.378682408966789 9.83306289805816 -87.21279 61.20323 51.71
1 0.389692008710776 10.1751310194807 -88.74626 69.78596 52
1 0.373477704442197 9.64553168742655 -89.21627 58.98619 52
1 0.331590450636146 9.93674694338082 -82.56902 15.25922 51.02
1 0.383371057414696 10.2491597323257 -83.11767 65.32401 51.191
1 0.322383873307499 9.28736699578376 -87.004295 7.419682 51.52
1 0.33723858684517 9.28820868027669 -88.28381 19.83854 51.71
1 0.325376617900973 9.37693106381571 -87.019043 9.512945 51.52
1 0.294928516198712 9.06640761680418 -82.690585 3.640662 51.02
1 0.355218774047344 10.1790880371693 -87.88322 44.79236 51.71
1 0.3925192510372 9.85996046740543 -88.92759 71.66338 52
1 0.391692189385523 9.70752290650581 -88.85959 73.54138 52
1 0.335484051726485 9.54201769276406 -88.38859 16.9349 51.71
1 0.400424520152434 10.0711007928149 -88.73052 77.38104 52
1 0.317117967244991 9.10029352528947 -82.809369 4.486942 51.02
1 0.346892585515866 9.97903946799437 -88.23544 32.92481 51.71
1 0.362988258833221 10.1584660967544 -87.87876 50.80154 51.71
1 0.310836603639151 9.19169142550013 -82.888331 3.504892 51.02
1 0.359050881175993 9.94357558662394 -88.0123 47.14749 51.71
1 0.32641534294421 9.01608866268895 -87.290977 9.691384 51.52
1 0.38965739369858 9.79879858304067 -87.31815 72.25464 51.71
1 0.367764126995431 9.85236524744948 -87.93433 54.57049 51.71
1 0.370714565781921 9.62607370017949 -89.67052 56.8071 52
1 0.387501298488978 10.2194365737209 -89.28526 69.02243 52
1 0.366050565236402 9.73302442379985 -87.99555 53.36161 51.71
1 0.391706073815439 10.0179505432354 -89.29246 70.04531 52
1 0.343163077760944 9.74991349388417 -87.23499 26.44403 51.52
1 0.337940531037518 9.83962164462936 -87.3044 21.50769 51.52
1 0.331621679846673 9.32747135237627 -88.74526 13.64087 51.71
1 0.385054122618095 9.62624312401556 -89.4882 67.05933 52
1 0.397649806184636 10.0351977172279 -89.21972 74.89359 52
1 0.36384015469832 9.65287787704951 -89.9572 52.36383 52
1 0.304709791224409 9.27086848871381 -83.229582 3.070746 51.02
1 0.36376670458243 9.80121409895999 -88.23544 51.07727 51.71
1 0.295374434101384 9.22648161176975 -83.233452 4.217536 51.02
1 0.317846683029371 9.00409590670923 -83.235453 4.734862 51.02
1 0.365056277933054 10.4974847095699 -88.18665 53.23104 51.71
1 0.308671185052779 9.07256979864836 -83.251202 2.892636 51.02
1 0.373104180122608 9.40831305736658 -89.84488 58.38523 52
1 0.360277102472609 9.83381374653202 -88.32405 48.94788 51.71
1 0.381160828252655 9.48017515150787 -89.67052 64.37214 52
1 0.358125278599027 9.94810391808272 -87.05886 46.09647 51.52
1 0.386060437631153 9.15259854705104 -89.62173 66.8735 52
1 0.347481359438516 10.1600730110649 -87.38814 35.64258 51.52
1 0.318841898142214 9.11524204450453 -87.726614 5.355961 51.52
1 0.335317594903455 9.20015629047302 -87.69544 17.81211 51.52
1 0.38137033548509 9.67269616019361 -89.88024 64.13809 52
1 0.332136116834483 9.79790098623162 -87.76298 15.59628 51.52
1 0.359004875721822 10.3313787546038 -87.24219 47.81141 51.52
1 0.320349161298276 9.36551751613674 -87.866341 5.929866 51.52
1 0.381751079271274 9.62462385011476 -89.95821 64.00949 52
1 0.379572037171253 9.78233760849394 -89.99903 62.91374 52
1 0.329007922510539 9.7221001206714 -83.54511 12.24959 51.02
1 0.38360762077683 9.65376666409597 -89.95821 66.36024 52
1 0.395494034604848 10.2592203583469 -89.69073 74.85999 52
1 0.317027261344445 9.22092431625754 -83.706458 4.590244 51.02
1 0.368633635697992 10.2335830879156 -88.62848 53.48735 51.71
1 0.332624730498103 9.01572839346836 -89.30488 15.41251 51.71
1 0.360261737568767 9.93007952606781 -87.42451 48.19639 51.52
1 0.331456092156583 9.39298253782207 -87.98412 14.14402 51.52
1 0.340480722064593 9.33139463265741 -89.25609 24.10178 51.71
1 0.366952054458321 10.1704650513307 -88.67627 53.80785 51.71
1 0.384716940123581 9.67711429183038 -90.0272 67.66126 52
1 0.381026255819381 9.13914451084306 -90.13256 64.93876 52
1 0.400409158169793 9.85138517981362 -89.67052 78.22693 52
1 0.331926721568315 9.51243950298556 -88.06309 14.64371 51.52
1 0.388499956217553 9.82195121967245 -90.06257 67.94804 52
1 0.363344417424247 9.58979541588051 -90.58681 50.62107 52
1 0.382845407541 9.51431137990821 -90.14053 65.90824 52
1 0.351033544435601 9.60166866604857 -89.10194 38.32694 51.71
1 0.375290186959464 9.58220326925394 -90.31488 60.59225 52
1 0.36390750973172 10.0460678109669 -88.82323 50.64734 51.71
1 0.390189449023554 9.52245323649703 -89.95821 71.40582 52
1 0.382522156770706 9.64671612128446 -90.20952 64.21944 52
1 0.382220605530411 9.62122272366967 -90.18135 65.08368 52
1 0.38362081017645 9.82908320498569 -90.18135 65.27918 52
1 0.329236101410837 9.08430848512043 -88.11766 12.20798 51.52
1 0.358875622231676 10.0481204053774 -88.96395 46.27839 51.71
1 0.382115814590244 9.47730919239317 -90.20952 65.17017 52
1 0.385642702109492 9.63551995208292 -90.13256 68.2834 52
1 0.369208710196494 10.1635696045945 -88.78263 55.56054 51.71
1 0.332103927540217 9.30183737044336 -88.18665 14.26426 51.52
1 0.38786595862447 10.3000478860004 -88.42941 67.72644 51.71
1 0.382404348549359 10.2393706574755 -82.79017 65.94461 51.02
1 0.381475843526252 9.74761865061757 -90.36267 63.35571 52
1 0.359834179118781 10.012076888584 -87.67582 48.05394 51.52
1 0.366531870642407 9.82386761931673 -88.8788 53.66812 51.71
1 0.39765808152646 10.0889487280694 -86.80035 75.24774 51.52
1 0.349067219719009 9.54445453815293 -89.30588 35.37469 51.71
1 0.370719879165985 9.65367508430523 -90.58681 56.88959 52
1 0.378931644742643 9.50041166668841 -90.36367 64.43545 52
1 0.371825204481603 9.81825571308231 -94.65877 58.60772 53.32
1 0.387818222273964 9.77092589642219 -90.18135 70.18951 52
1 0.341095923197931 9.93743986288524 -88.16645 27.3423 51.52
1 0.353191755905127 9.84555560676389 -89.30588 39.3683 51.71
1 0.362599542756838 9.99823355475247 -87.73139 49.7081 51.52
1 0.393344645970662 9.92024390366058 -88.42941 71.29547 51.71
1 0.346176486153164 9.88770113929569 -88.14173 32.25628 51.52
1 0.354355757370382 9.90414446580606 -87.9707 41.24149 51.52
1 0.372146745762613 9.60513897879597 -90.65481 58.17274 52
1 0.376428523469891 9.33939951877581 -90.58681 60.65321 52
1 0.385431474783692 9.86663397577346 -90.39107 66.95585 52
1 0.340583188400962 9.88417701231333 -89.62273 24.36487 51.71
1 0.354069081820544 10.1517938441442 -88.00333 40.9267 51.52
1 0.380097745010845 9.45674989137106 -90.46903 65.07589 52
1 0.37986293123995 9.30869796574217 -90.46903 65.14365 52
1 0.381139503404446 9.05528719944155 -90.46903 65.60628 52
1 0.398760149282796 10.2856576766149 -88.34977 75.33686 51.71
1 0.352926222438769 9.51835570102597 -89.41024 40.08007 51.71
1 0.384588297996198 9.69016775601807 -90.46803 66.81168 52
1 0.376541659377411 9.48755986279997 -90.69217 60.28583 52
1 0.333064451260986 9.22332960840364 -88.45858 14.92905 51.52
1 0.380505594741215 9.34297747181744 -90.58681 63.70046 52
1 0.387501102734616 9.17186537251538 -94.63237 68.70603 53.55
1 0.386142459946172 9.76088837175389 -90.46903 67.56095 52
1 0.386681988900771 9.69335353711971 -90.46903 67.56963 52
1 0.330676666653587 9.65487194206979 -88.49495 14.04173 51.52
1 0.400184135254992 9.81653792855482 -90.18135 77.227 52
1 0.385069429308932 9.70308157133049 -90.53802 67.60873 52
1 0.365382509330626 9.83171606174447 -89.21972 52.92441 51.71
1 0.365276646382723 9.50864967141148 -90.97886 53.2196 52
1 0.372971787181933 9.21054318385717 -90.8745 59.23885 52
1 0.351247306622715 9.72226267917364 -88.30443 38.62008 51.52
1 0.383922969616974 9.75051951778196 -90.65135 66.97753 52
1 0.339143914470853 9.71094953471282 -88.57191 22.19489 51.52
1 0.354139920992072 10.2751303126502 -88.25464 42.92293 51.52
1 0.3575861078982 10.2066767522332 -88.1709 46.60918 51.52
1 0.33274427518414 9.14233719049532 -90.01378 14.59102 51.71
1 0.376952723635936 9.84421234990182 -89.08174 62.17485 51.71
1 0.34847935695083 10.069213647005 -88.44516 34.89785 51.52
1 0.382791039540534 9.22125248551896 -94.85006 66.04893 53.32
1 0.331375775347198 9.0492641187497 -88.71709 13.65875 51.52
1 0.358327016758238 9.73780739645002 -88.22202 46.274 51.52
1 0.374963068049116 9.26185817433021 -90.94349 60.6673 52
1 0.37937862825014 9.70112175115926 -94.95987 63.89806 53.32
1 0.3927800025899 9.67284768519991 -90.58681 72.12092 52
1 0.397134744026871 10.160504229078 -87.43348 73.77906 51.52
1 0.383338510757508 9.40221023067808 -90.8745 65.17055 52
1 0.382251142361833 9.44401270751145 -90.8745 65.61281 52
1 0.35396870670883 9.7295959941743 -88.44516 40.92058 51.52
1 0.371616495399233 9.56668991777455 -91.16118 56.6201 52
1 0.390384366805009 10.136032193471 -88.97838 69.95938 51.71
1 0.376849330058686 9.17748866300244 -91.09764 61.16325 52
1 0.395676915477945 10.0506753617427 -88.95266 72.88382 51.71
1 0.365542177347375 9.94980752638464 -89.62073 52.98333 51.71
1 0.395974960309004 9.73575925704926 -90.67156 75.10699 52
1 0.378238443219235 9.65228197001494 -91.12581 61.98239 52
1 0.382228722371187 9.16461443189172 -91.05682 65.18479 52
1 0.374003839689915 9.44435505865173 -91.23117 59.91842 52
1 0.385545626759048 9.57788764042959 -90.99228 67.42994 52
1 0.370281891172759 9.66683673031422 -91.34895 56.45107 52
1 0.376132832066884 9.36409920044714 -91.23117 60.76324 52
1 0.374285976466618 9.29355494160298 -91.23117 60.82408 52
1 0.383120685516402 9.05987446449388 -91.09764 65.39527 52
1 0.335461738029668 9.05038592968934 -90.3547 18.6773 51.71
1 0.37855404060962 9.47731192228936 -91.202 63.3696 52
1 0.375557951383867 10.2298248719523 -89.52802 60.58443 51.71
1 0.372166707575203 9.38048112914167 -91.38432 57.52069 52
1 0.356992304643393 9.66432128615855 -88.62848 44.6183 51.52
1 0.394569407515199 9.6774209069028 -90.91432 72.83269 52
1 0.321821505141619 9.66937370344704 -86.506445 7.509067 51.191
1 0.363309726753257 10.19492410954 -88.52412 50.57268 51.52
1 0.370621432131061 9.73015517561172 -91.46228 56.28455 52
1 0.377190700365545 9.82973515116097 -91.27896 62.81267 52
1 0.378728988643189 9.38745116537443 -91.27996 62.86746 52
1 0.387485507496441 9.63684080701291 -91.05682 69.74964 52
1 0.377502728843318 10.0863702563382 -88.20627 62.77515 51.52
1 0.419171211784088 10.3024370064006 -88.06786 98.47293 51.71
1 0.349952569138307 9.60538752916478 -88.89941 36.25937 51.52
1 0.371195228840479 10.5743447303516 -88.40156 57.16696 51.52
1 0.376255111611547 9.67020290489966 -91.41349 60.2843 52
1 0.377743731993888 9.80677900735117 -91.38532 61.43325 52
1 0.371354862661855 9.7132754229691 -89.77488 56.6257 51.71
1 0.333693913070341 9.25781711751653 -89.20052 16.22036 51.52
1 0.399821567083484 9.82708981176675 -90.80996 78.54434 52
1 0.378142559901602 9.75977038866951 -91.38532 62.72866 52
1 0.345762438030401 9.3095790271234 -92.15543 29.37136 52
1 0.374387170667171 9.11902747037823 -91.41349 61.98531 52
1 0.379133485910412 9.67462629790724 -91.38532 63.03373 52
1 0.390843042164656 9.64851967369387 -91.09764 71.66408 52
1 0.392632386506542 9.61632037246912 -91.09764 71.81614 52
1 0.313776429578679 9.23767795195649 -86.689767 3.186053 51.191
1 0.372108507126797 9.58986706288394 -91.60746 57.13732 52
1 0.367838095225696 9.5264699470825 -91.673 55.02537 52
1 0.4055329173331 10.2484225541208 -88.91284 83.54548 51.71
1 0.387581217751459 9.71834743644921 -91.21542 70.41436 52
1 0.341942549700858 9.31061894703661 -89.21627 26.74035 51.52
1 0.388248005548925 9.85275277818157 -88.15748 69.44968 51.52
1 0.376832725118949 9.83577522120863 -91.5021 62.2916 52
1 0.368126638186988 9.6110265110108 -91.672 56.60376 52
1 0.312495751266793 9.47774468385492 -86.756759 3.312373 51.191
1 0.354486156767769 9.80672946242277 -88.96841 42.24779 51.52
1 0.374459741651053 9.2155777896813 -91.63664 58.6687 52
1 0.362877641366808 10.1614534889982 -88.79505 50.28122 51.52
1 0.375027785615635 9.77691981050587 -91.60746 60.71938 52
1 0.368569574362571 9.83073888521485 -89.99803 55.98765 51.71
1 0.420660745246582 9.36645198803002 -94.12354 102.4947 53.55
1 0.400645309030149 10.2240325889126 -87.93533 77.66375 51.52
1 0.381797127874015 10.283761851688 -88.44283 64.12574 51.52
1 0.387107542439786 9.91980412659713 -88.3408 67.83984 51.52
1 0.37175841034129 9.64901894486962 -91.78979 56.7111 52
1 0.374812885596383 9.87311760988371 -91.72525 59.37865 52
1 0.383122704942396 9.60761094370854 -91.56764 65.72276 52
1 0.394329038644005 10.1362465821792 -88.27526 72.10567 51.52
1 0.370093352689102 9.37090720692811 -95.9407 56.62387 53.32
1 0.374768973250133 9.59605253866974 -91.79079 60.39008 52
1 0.385606918367994 9.84578074277115 -89.84388 66.47591 51.71
1 0.38838015393762 10.1230740265294 -88.45858 68.01787 51.52
1 0.393784301817652 9.95852862187945 -91.27996 75.63677 52
1 0.387393239196555 9.75927806364715 -91.56764 68.02634 52
1 0.377177260490325 9.66695449473104 -91.79079 61.28208 52
1 0.396042340659663 10.196477018095 -89.55719 75.42599 51.71
1 0.354247315010986 10.0990025617154 -89.26506 40.48414 51.52
1 0.377217135868803 9.31973930763751 -91.74996 63.0494 52
1 0.376741245834389 9.44859426211109 -91.81896 61.38685 52
1 0.385819469007207 9.67226357193359 -91.56764 69.43072 52
1 0.391999849498689 9.75469715812085 -91.48968 72.09228 52
1 0.291515061467268 9.46584953544557 -80.034779 5.182382 50.51667
1 0.406488721285145 9.9928507475996 -91.09764 83.31526 52
1 0.407896696192468 10.0668233683313 -89.21627 86.39542 51.71
1 0.397282389983834 9.86184282331811 -91.38532 76.7852 52
1 0.373988010401877 10.0086995497179 -88.85959 60.83464 51.52
1 0.398371747722311 10.0838229676382 -89.66155 76.13509 51.71
1 0.359068494985005 9.65945253963552 -89.26606 46.41619 51.52
1 0.345793789122371 9.3466397680545 -92.61646 32.48119 52
1 0.374699979419795 10.1557343295979 -88.8788 61.09244 51.52
1 0.384004892104334 9.80566725754598 -91.79079 66.61326 52
1 0.374464734289283 9.55996921132771 -92.02868 59.38973 52
1 0.378525841542566 9.30573083472216 -95.96887 63.0783 53.32
1 0.367826564320602 9.53452086859434 -92.15543 55.04171 52
1 0.35445881354962 10.1402582305657 -89.42266 41.44395 51.52
1 0.316319011213638 9.31275670349171 -87.242187 4.288843 51.191
1 0.382933866447284 9.08495636432792 -95.92495 65.32536 53.32
1 0.378294342939035 9.85975295840316 -91.97311 62.54362 52
1 0.309957736125669 9.24875371568434 -87.281008 2.996935 51.191
1 0.384174531328062 9.56733288128548 -91.85432 67.12483 52
1 0.375098769381365 9.7743447013398 -90.31488 60.64547 51.71
1 0.393473430711957 9.78487769140414 -91.673 72.37576 52
1 0.361998817344286 9.61750135289061 -92.37857 49.16497 52
1 0.323618662230592 9.18326235058626 -89.96266 7.525065 51.52
1 0.409013171440687 10.2959675240941 -88.04866 86.7892 51.52
1 0.373609176292109 9.78104236816676 -92.19625 58.06954 52
1 0.386322641675785 9.74675167039912 -91.92432 67.57073 52
0.398018669318942 0.37061646987688 10.0015314886839 -89.1881 56.97012 51.52
0.4272897326111 0.382779305533556 9.59934999362346 -91.97311 66.33927 52
0.440876886934345 0.314432587455425 9.1474147887527 -87.38537 3.98848 51.191
0.437829808726816 0.388246766644478 10.0490629966357 -88.82323 68.86483 51.52
0.509315331327954 0.411118485641794 10.0952323268007 -89.41024 88.37221 51.71
0.43724840588385 0.298504009503732 9.12929632879513 -80.428822 3.280391 50.51667
0.417584258558715 0.376770404147387 9.84809752948605 -92.18283 61.73577 52
0.439627459227422 0.390210799093621 9.97905869598076 -91.90757 70.16405 52
0.460500302147895 0.373816131813265 9.88963751592021 -92.26079 59.22549 52
0.402046893111507 0.377648605985235 9.77045168368791 -92.19625 61.86458 52
0.408008086964795 0.376107610185614 9.51208397798622 -92.19625 62.25969 52
0.469914253067917 0.386719434037577 9.75873346814991 -91.97311 69.09268 52
0.491624123997161 0.402015280415394 9.84410724176258 -91.63664 79.52376 52
0.445605303928701 0.405464746536031 10.1497044242983 -88.45758 81.79852 51.52
0.481934606610201 0.355777568462194 9.4926836144281 -92.77162 42.59913 52
0.403539488361551 0.306598736478263 9.10951323929881 -80.546605 3.842954 50.51667
0.396162438285004 0.371294428332198 9.68241686252144 -92.36515 59.20939 52
0.401714701996945 0.323190551008464 9.74907702601119 -85.998392 7.391547 51.02
0.543505515372274 0.382947608228109 9.77176230159961 -92.19525 64.99142 52
0.406385047774904 0.321310314454448 9.19307113557001 -86.025791 6.661088 51.02
0.392040785575458 0.392397114389456 9.97069752376666 -88.90041 72.53153 51.52
0.508392035008193 0.376651402959547 9.91935361465241 -92.30061 62.96589 52
0.404088981354435 0.378849694692239 9.96606657450332 -90.58581 63.22679 51.71
0.557484951003625 0.381452113410941 9.30508288485264 -92.26079 65.45284 52
0.630494923816639 0.359887348781166 9.95550206299304 -89.71135 48.18101 51.52
0.57567183309235 0.374272125515135 9.78096148451017 -92.48393 58.99678 52
0.404719006965027 0.377967978656542 10.4963063391618 -89.42266 61.25045 51.52
0.396513175557041 0.368404159537896 9.60887147114801 -92.66626 55.29811 52
0.386212038015622 0.392107966934556 10.0243625173677 -89.08274 71.70262 51.52
0.189349547896802 0.398508382726589 10.8225389125569 -88.90041 76.65224 51.52
0.199681960695398 0.403275046036338 9.8219847991067 -90.10339 81.33012 51.71
0.218791233232098 0.370939315142128 9.95381710765533 -90.94349 58.25842 51.71
0.179954010375614 0.384704156809652 9.92897067875401 -89.35325 66.79241 51.52
0.208519404311019 0.399694151913963 9.95420384252543 -92.07747 77.27719 52
0.217116338156111 0.322380266094314 9.41038277714376 -87.906163 7.153633 51.191
0.162381331448284 0.38509955840111 9.75859454333558 -92.44311 68.71924 52
0.271948543572647 0.366586752626916 9.81456487936923 -91.16563 54.29453 51.71
0.18216804749755 0.313840321060015 9.21911857801048 -81.051652 3.383926 50.51667
0.161595641856747 0.373943409609041 9.94819814475573 -89.73852 60.0661 51.52
0.160302846775611 0.366623777038548 9.72551104642452 -92.99376 53.65866 52
0.191342850084703 0.384503850956473 9.63355426323721 -92.60172 66.97677 52
0.158263540576443 0.361083035834745 9.63898444043856 -93.11154 50.16059 52
0.159143525727712 0.386298702604196 9.91629558747686 -90.91432 66.39638 51.71
0.250827647785469 0.375212963056619 9.85428460591881 -91.09764 61.15162 51.71
0.169032493835921 0.303182700582308 9.45670818018864 -86.57621 2.254421 51.02
0.174107520152678 0.381341676519721 9.88674217656054 -89.69792 64.31346 51.52
0.206494372630061 0.393166167881322 9.84090125134612 -92.48393 73.67031 52
0.19523996593204 0.300585258354629 9.25194654669176 -81.248721 3.222608 50.51667
0.225884006288925 0.297903771040537 9.30511715904466 -81.267923 2.996067 50.51667
0.170056197413389 0.300646583919541 9.25755819181952 -81.27612 2.470776 50.51667
0.170030984397178 0.344865759250941 9.31001464009867 -91.90857 30.59115 51.71
0.255759920934376 0.41450236225526 10.3357797553692 -90.0272 91.82872 51.71
0.156638218394633 0.396290590231843 9.83555730486162 -92.48393 75.95063 52
0.257933499426372 0.370913181059451 9.72774025448867 -93.11154 57.04852 52
0.166474586981757 0.386484206000629 10.0206286250873 -91.00703 69.06716 51.71
0.16554377499051 0.371019980646026 9.79768445894778 -90.11581 57.44963 51.52
0.305374112976703 0.370832163865888 9.65006013311982 -93.17708 57.24769 52
0.180830609613129 0.304522175259603 9.27299524530454 -81.471865 2.928176 50.51667
0.232755335318303 0.372913623750341 9.87357589722841 -90.18135 58.52584 51.52
0.175315034860529 0.304719333567837 9.39769736529956 -81.540858 2.543166 50.51667
0.218777108752173 0.317652343837502 9.34067802669909 -86.925333 5.151837 51.02
0.187629285601494 0.304828811166782 9.16910313857351 -81.556606 2.498389 50.51667
0.19227817385844 0.31320054114418 9.2247859463694 -81.5638 2.94318 50.51667
0.175184265252912 0.347429753606862 9.44966362491844 -92.13071 33.22076 51.71
0.230343052377155 0.391628216657477 10.2324764361647 -87.20582 71.06619 51.191
0.237483391909967 0.372526368055305 9.72626987634226 -91.63664 57.90425 51.71
0.175659466840994 0.326269539066835 9.00045605191961 -94.198732 9.199857 52
0.187187042662972 0.308454514014314 9.43182436717367 -81.743799 2.356627 50.51667
0.162093553628716 0.369015085060809 9.65419285854718 -91.79079 55.55566 51.71
0.259171271554369 0.372246472065966 9.80941181317547 -90.38287 59.45637 51.52
0.157924498151382 0.311086699302983 9.16744208745263 -87.137827 3.268799 51.02
0.205799252753319 0.312051948186164 9.1698307482427 -88.680725 3.257641 51.191
0.193890726685953 0.314419495850715 9.4095474530096 -81.77297 3.926613 50.51667
0.276088336526961 0.369187172890653 9.57766056243779 -97.48015 57.02216 53.32
0.18551320555767 0.304714491164024 9.09467749827621 -87.156028 1.914433 51.02
0.159935383848148 0.428273639601533 10.3829041114926 -91.01148 115.4808 52
0.156294360117568 0.368551459499283 9.5739701685973 -93.58255 54.84557 52
0.16811309204781 0.309008271091658 9.11788269787061 -81.838509 2.979815 50.51667
0.168290416083479 0.433379054549763 9.05068378287972 -94.81669 122.7814 53.55
0.158357557661264 0.304766582877538 9.24218226469825 -81.861582 3.242012 50.51667
0.223654066289244 0.31704102531144 9.3463959938981 -81.864907 4.355843 50.51667
0.160659297811388 0.307525613171368 9.04396652951301 -88.771662 2.785146 51.191
0.15739251285921 0.370652305268637 9.6174600679048 -93.58255 57.07848 52
0.162782198365856 0.387343338030202 9.99257100525725 -90.22117 68.54237 51.52
0.294648478295116 0.36435049592857 9.57985957585266 -93.76487 51.56705 52
0.166979596732889 0.306167307272111 9.13671656255153 -81.928445 2.453874 50.51667
0.302158928484631 0.432788264511083 9.00567502744182 -94.81669 123.8028 53.55
0.163681218755834 0.402326481269925 10.2429029260137 -89.89367 77.87741 51.52
0.219391901778709 0.441084732556954 9.05318136827944 -93.76687 140.3726 53.55
0.196021724386492 0.33747118376313 9.40376529445776 -94.34469 20.28781 52
0.181846944338836 0.297936253357078 9.00837074403057 -87.33558 2.99658 51.02
0.180663571791534 0.393326187840819 10.2457769317974 -87.51412 72.70955 51.191
0.25985338690873 0.380745754894438 9.86338369428913 -90.41924 65.23462 51.52
0.237808924280519 0.363973123106424 9.59647684419864 -93.87023 51.14953 52
0.197740412600139 0.390969272817191 9.96109465124744 -91.5031 73.22437 51.71
0.188538580926848 0.374732790810113 9.7797972268305 -91.97311 59.15167 51.71
0.193571305945517 0.407241428889595 9.87264887139581 -92.77062 86.3454 52
0.215260806333359 0.438830308441866 9.06446865208383 -94.27769 135.3544 53.55
0.232569168318222 0.364113600879352 9.77022101609752 -90.94349 52.33777 51.52
0.243471728142038 0.377357601713025 9.98456267587533 -90.65135 62.72085 51.52
0.219515128614452 0.297415416253927 9.12848308614889 -87.518899 3.617195 51.02
0.289281141011654 0.400273415379688 9.9511926457854 -93.17708 77.54722 52
0.155622494366813 0.411469617684955 10.2992447772491 -90.94349 89.79494 51.71
0.16467691741235 0.389665179516193 9.9838826804992 -90.43166 69.95624 51.52
0.197406621484135 0.315840836861723 9.18129217374097 -87.542291 4.034636 51.02
0.214493387204323 0.339893847913987 10.0883053678134 -87.39634 24.40316 51.02
0.188657615546105 0.315572984425056 9.11205278222665 -82.231551 4.671686 50.51667
0.198401899585726 0.342566282959269 10.2959892559905 -87.39634 28.17704 51.02
0.173398903627798 0.403064048111441 9.93559718316305 -90.24934 78.72572 51.52
0.203550312549643 0.357487160222733 9.59392980072816 -91.31978 44.53528 51.52
0.221121475279807 0.407403789797294 9.87803422086222 -91.38432 83.70564 51.71
0.18366485472909 0.327479645585047 9.57466566631332 -87.71564 10.24399 51.02
0.168801492899494 0.324971317144984 9.63042994148342 -82.413873 9.153159 50.51667
0.154648078660371 0.310310489844887 9.06469334917419 -82.437946 2.584802 50.51667
0.176124694696251 0.369251869929558 10.5596215956489 -88.54952 54.92088 51.191
0.210655236881384 0.369649223441608 10.6786830575162 -88.53277 56.54442 51.191
0.174179105641333 0.319008491193981 9.42084521704655 -82.518233 5.178766 50.51667
0.170405444368693 0.299889846503016 9.06878143076053 -87.867794 2.912568 51.02
0.177580398845868 0.36571944355628 9.59020962841201 -94.27569 53.62877 52
0.331417059132447 0.314365154677754 9.4169379624871 -87.906163 3.739639 51.02
0.266495482084604 0.308867395903577 9.35836949964997 -80.544152 3.847674 50.35
0.297998484489684 0.38645024168718 10.2125031566032 -81.4183 65.51469 50.51667
0.157622306839796 0.352014657765445 9.38705569576656 -91.673 39.05349 51.52
0.269668401876333 0.364470129543857 10.4626339840464 -94.40745 50.77392 52
0.190931801975229 0.440720740982803 9.2164218720659 -94.56538 137.8965 53.55
0.171954511924674 0.377311857998999 9.77319447157602 -92.41839 62.062 51.71
0.223852471482903 0.307017639158643 9.34359411063053 -82.671383 3.084959 50.51667
0.235662768829987 0.378988823550606 9.52765009408058 -94.09337 63.40787 52
0.186093068897386 0.407731924704575 9.95832301517905 -91.672 83.65267 51.71
0.278964343764228 0.306547250342672 9.30001574582455 -82.72463 3.23234 50.51667
0.249432774225875 0.301033100578036 9.0306826641253 -82.72563 3.27034 50.51667
0.20650957443825 0.420473297463096 10.2719403113456 -89.42366 103.721 51.52
0.162850519723061 0.387738532299865 10.4106099360263 -91.04785 66.18347 51.52
0.295205035086768 0.374047072335842 9.07263038660755 -94.2959 59.65195 52
0.240591729518734 0.294969784274052 9.04911879019878 -82.79262 3.488938 50.51667
0.185629070298149 0.386316814936428 9.977494889153 -91.12481 66.494 51.52
0.161595575179321 0.344611286796808 10.3967495199389 -87.89697 30.4103 51.02
0.159792762904331 0.374979392838753 9.1787504557401 -94.2959 61.20453 52
0.157747165449115 0.369569032515247 10.583096537841 -88.84685 57.06052 51.191
0.156058693160495 0.381356952938406 9.25938013588001 -94.2269 64.79703 52
0.209068463621256 0.294711396087062 9.43659008906611 -82.893526 5.017719 50.51667
0.210311465724133 0.30948588249763 9.20512378455467 -88.220691 3.349077 51.02
0.189115094277698 0.392789064838516 9.83278738653992 -93.98801 73.07588 52
0.187566012322547 0.371245047985387 10.5284036935406 -88.92827 57.6949 51.191
0.250539093231197 0.399421358682436 10.2615546852223 -88.19284 78.56266 51.191
0.184474210105181 0.322063670525741 9.75823125603347 -82.976943 7.422324 50.51667
0.169510214679547 0.447160162761494 9.16794037506074 -93.71808 153.8863 53.55
0.164822561496874 0.301700113177918 9.55596053717529 -83.01231 3.141031 50.51667
0.167812628241569 0.308225542762402 9.47854719828924 -80.96304 2.567298 50.35
0.279249052890115 0.38856474948754 10.7395552979935 -88.65388 68.39965 51.191
0.109910260966878 0.395320994922651 9.80556051026967 -94.05255 74.25896 52
0.368095778617077 0.312192828219835 9.57717847328475 -80.999408 3.201262 50.35
0.120202568911068 0.311254022955264 9.01251574118352 -81.028579 3.848228 50.35
0.186929113472987 0.378618233964539 9.35358582210707 -94.49884 62.12166 52
0.110482395359826 0.390604168236633 9.854257116147 -91.27896 69.1614 51.52
0.124398408887925 0.382867652022491 9.48048855546738 -94.38105 66.51237 52
0.105857604814853 0.385200548642996 10.2464082049747 -81.9075 66.41373 50.51667
0.199473781132768 0.401449517447406 10.6522581641295 -88.40879 77.14546 51.191
0.165187132889622 0.375421662744276 9.43086808848718 -94.63237 59.06143 52
0.130868682306568 0.361691574030381 10.5002800287027 -87.8018 49.3442 51.02
0.112494245608102 0.400130908906681 9.8130759661272 -94.05255 77.12677 52
0.111007329521409 0.334160019185938 9.6419710201199 -88.38959 15.77801 51.02
0.124555494464157 0.313603306476795 9.45791896599157 -81.130938 3.241768 50.35
0.112096582444429 0.411508748885337 10.171236485432 -90.53702 89.64983 51.52
0.108859444636096 0.376513560416519 10.4048819927957 -89.10913 58.67827 51.191
0.118018531097106 0.387698694914811 9.98496096979476 -94.38105 68.66661 52
0.192880696217039 0.404401460079134 9.88279954345312 -90.94349 81.37398 51.52
0.104866443757246 0.416455896553518 10.0541966883071 -90.3547 94.85855 51.52
0.109264931583326 0.349449015879833 9.3986006118029 -93.58255 35.54128 51.71
0.109702568155525 0.386778908126867 10.3451847585424 -87.35997 67.50019 51.02
0.106638082894204 0.377303175451764 9.63535659545962 -94.68116 62.01898 52
0.109372465341873 0.312496888733226 9.08963334452202 -83.299992 4.091598 50.51667
0.146847505485902 0.443491123949781 9.13906250721223 -94.68316 144.3671 53.55
0.115390120358328 0.372441836741963 9.57427461395582 -94.78652 58.70978 52
0.104442035389728 0.312518691670257 9.17972331209413 -88.59931 3.039488 51.02
0.160167925344618 0.383666483456655 9.38693761388466 -94.63237 65.13666 52
0.119659589597797 0.374112943728524 10.6221805652442 -89.22492 60.22255 51.191
0.106511103641306 0.375967675233632 9.5619131950805 -94.78652 60.38503 52
0.174083154571288 0.375607574600914 10.7374945566116 -89.2317 60.27489 51.191
0.389915244056824 0.35848037266136 9.60218094965436 -92.19525 46.40833 51.52
0.123774273910085 0.320318173150393 9.48031716404677 -81.339334 6.006025 50.35
0.108816261979661 0.393518668590238 10.2732585746536 -87.35552 71.31941 51.02
0.111176161593498 0.316023811563379 9.14273150579594 -88.677271 4.363884 51.02
0.127189970900573 0.298454924065666 9.05121897434484 -81.366504 4.149578 50.35
0.111123059391653 0.374566445410757 9.27392486259379 -94.85551 59.51903 52
0.115074740685699 0.314058170690021 9.13136792924175 -83.41777 3.35317 50.51667
0.184934957326051 0.368950809327871 9.51062783297399 -94.98904 54.9263 52
0.134585157875888 0.373371070773631 9.42749986611086 -94.85551 59.80578 52
0.116629825370879 0.374395787988311 9.82667411831698 -91.89515 59.55953 51.52
0.104908585878246 0.311077671674201 9.37551598046607 -81.431043 2.979451 50.35
0.113210629484779 0.418266372605809 10.1088508679965 -93.39922 98.68199 52
0.129277604752489 0.388694463268554 10.6437452970986 -87.50215 69.02903 51.02
0.175046894970423 0.444105008569861 9.14131011112927 -94.68316 146.4979 53.55
0.109718430227503 0.386297912020034 9.59272915201904 -94.63237 68.78631 52
0.104603597257744 0.442941612045947 9.01702625755931 -93.87223 144.1997 54.31
0.119220064936661 0.311878879955408 9.04537306389291 -81.459442 3.923889 50.35
0.118517420126827 0.307269953670907 9.33130051567171 -81.471865 2.654658 50.35
0.236602489773723 0.312161428677888 9.03223698008768 -81.47287 3.19682 50.35
0.111843486522821 0.393017072847818 10.5674877341275 -89.00377 71.02528 51.191
0.108296055493573 0.381168164087572 9.4853685166004 -94.78652 65.26898 52
0.149394594796238 0.357401719385036 9.74320417222412 -93.66729 45.05338 51.71
0.103920875301292 0.446863703156417 9.0709781654908 -93.29687 153.031 54.31
0.120754235870613 0.349728632014489 9.23732761393423 -99.52622 36.59504 53.54
0.141101835583352 0.394123425639858 9.73481239172059 -94.6032 73.46113 52
0.335435280355096 0.381544154835561 9.53231506451253 -94.92005 64.08166 52
0.106964804172201 0.371649950153951 10.626031749237 -88.07851 57.04962 51.02
0.118456442475619 0.386732172910174 9.68330818030658 -94.7457 70.14669 52
0.128973995699384 0.37893483731173 9.31768418380656 -94.96884 63.80508 52
0.153274243831902 0.303175759074744 9.17484453770562 -81.656187 3.390344 50.35
0.165660745419283 0.388180976879749 9.73820472096649 -94.78652 69.71272 52
0.176304414989872 0.374635014350198 9.56182611548657 -95.14319 59.4227 52
0.192969643343052 0.364513481337432 9.64831559836393 -95.37431 51.23616 52
0.176610604531921 0.375323046029285 9.21064283216427 -95.14319 60.03411 52
0.116967802785329 0.372572802089933 9.11459403218401 -95.19198 59.08904 52
0.159785185200477 0.389808388152557 10.2964059616815 -89.36045 68.26971 51.191
0.104870736402421 0.313898205855532 9.431414664369 -81.759547 3.350461 50.35
0.133124052001805 0.38330362535615 9.16681134854876 -94.98904 66.67268 52
0.196338430456742 0.38120295872913 9.3333314647979 -95.0742 64.50406 52
0.114444323302171 0.379839494351475 9.46262300198603 -95.0742 64.52201 52
0.144706900406544 0.311402083572793 9.48733839610107 -81.809338 4.339854 50.35
0.139263580061524 0.407050778688239 9.95945554570242 -91.44886 82.6379 51.52
0.135233772347219 0.385931276312069 10.2244886480534 -87.93433 67.08303 51.02
0.174441375799888 0.376296527913978 9.28526705048568 -95.19198 61.43339 52
0.114724653216598 0.307910737495667 9.14734402094699 -79.641284 2.769164 50.18333
0.110195156523241 0.377909834100871 9.45114040831325 -95.19198 61.96044 52
0.10829299485638 0.383618927783289 9.6064670155085 -95.03783 67.23663 52
0.104315170502803 0.329748477132021 9.71866567216202 -83.87636 12.00973 50.51667
0.176661883801726 0.379870888480387 9.69847910171159 -95.19198 63.16461 52
0.126546556122615 0.388746181658994 9.06875210580865 -94.98904 69.79042 52
0.10767807703386 0.445236324119269 9.0272511750758 -94.97084 148.2103 53.55
0.128731754211089 0.368800491888876 10.4870276772165 -88.37962 56.22568 51.02
0.122726880422149 0.376687832783128 9.08670866177703 -95.26098 62.11674 52
0.173364413814015 0.310145215748001 9.22809976157154 -81.943869 2.504327 50.35
0.117580184359739 0.373088616469387 9.5037890634981 -95.37431 58.65488 52
0.104977767023632 0.386695576225483 10.2911209740248 -82.80459 65.85782 50.51667
0.404883087711534 0.380078246149521 9.19983801221952 -95.19198 65.33309 52
0.10438208286038 0.448279363668416 9.13538530942254 -94.46002 155.9798 53.55
0.148366293096329 0.31223452774365 9.2238797455288 -81.99266 3.316566 50.35
0.118173554578373 0.406865437170488 10.5866226662115 -94.55341 83.75024 52
0.148899455160756 0.36887740616369 9.45638171318096 -95.52804 54.9353 52
0.23241570123205 0.376963141539786 9.43042812376568 -95.32552 62.31188 52
0.136114673719704 0.375517919908862 10.6536529324309 -88.36865 59.91796 51.02
0.1079719954068 0.386431380785199 10.4647236613461 -89.66633 66.94242 51.191
0.105516426538036 0.371188034542864 9.30865471359918 -95.47967 58.51147 52
0.109519378443509 0.376389068889275 9.40800768264007 -95.41513 61.05604 52
0.16165003327464 0.38849473280598 9.52095262197846 -95.15116 69.87629 52
0.104214782944064 0.302105119182071 9.07746334899205 -82.100473 3.466395 50.35
0.133604667961007 0.379591272081621 10.3048692219448 -88.35322 62.7163 51.02
0.118545215737384 0.369172153022526 10.3487821271355 -88.58834 55.35858 51.02
0.136304580576558 0.397554287178574 10.2320456317572 -87.93533 74.85367 51.02
0.104030425763358 0.379355938636195 9.60790898240289 -95.37431 64.10933 52
0.170301381485625 0.395591248587757 9.72631363208381 -95.00966 75.06486 52
0.105973644287955 0.386615376987023 9.47079422303697 -95.25652 67.93521 52
0.117108804108418 0.375106327656792 9.72461041448232 -95.47967 60.98548 52
0.151589388545403 0.317167517534027 9.1538607641357 -90.902895 4.751982 51.191
0.109438073949363 0.300005556941656 9.52103210080356 -89.41024 2.616175 51.02
0.131402373316866 0.375362962544936 9.17401553242779 -95.47967 61.67355 52
0.182508160822819 0.38475801875673 9.31364045796709 -95.32552 67.08227 52
0.183049732480708 0.380665250272907 9.77642342283629 -92.48293 64.10846 51.52
0.269491319047903 0.391987148001831 10.9149925576122 -89.69592 71.02698 51.191
0.124411824051362 0.315907147551588 9.36803995268179 -82.23155 3.9444 50.35
0.188138408411635 0.380101050258374 9.12993554488335 -99.46068 63.95403 53.55
0.117820919046899 0.361737909952225 10.5154493071609 -90.34028 50.81468 51.191
0.119733092904434 0.408171921422945 9.90876667360661 -94.78552 83.67224 52
0.15314585547344 0.38003590850506 9.55085599130069 -95.47967 64.51021 52
0.110123729581588 0.381645980887906 9.53030026823369 -95.47967 64.88189 52
0.25113975878163 0.319293988754657 9.47947937806701 -82.281342 5.708211 50.35
0.108558053306076 0.391417511287429 10.5992675863542 -88.28004 70.02836 51.02
0.122899845374527 0.302023240534072 9.11223031156533 -82.334911 3.401532 50.35
0.151198099590286 0.400195813854975 9.18287946548962 -99.08439 77.98339 53.55
0.16398607197156 0.393269409146722 9.66619096152749 -95.29734 71.88183 52
0.104295704819207 0.337111575859908 9.68033086498396 -90.97089 20.39232 51.191
0.143249136062916 0.373666662104294 9.35967375624081 -95.73098 58.19666 52
0.170769810044432 0.401596263005096 9.06665204283275 -99.06619 78.8634 53.55
0.143743895596481 0.365991191524821 10.5367870802592 -88.83965 54.07353 51.02
0.204884822494148 0.382589562186325 9.53140695218823 -95.47967 67.00014 52
0.108458023807002 0.40123272367613 9.82459157505063 -95.0732 79.0479 52
0.108635844832958 0.384268362332645 9.47642977470661 -95.50784 66.88821 52
0.134909497923302 0.369622621095959 9.38569506438987 -95.83634 55.73006 52
0.140584559523743 0.384937910397607 9.6236611705742 -95.47967 67.83373 52
0.162293348030489 0.377850764697447 9.25183146122062 -95.66199 62.41519 52
0.104262290528353 0.378697879949114 10.5216193409478 -90.12159 63.7449 51.191
0.215956991246457 0.293985767591928 9.02074885116053 -82.424523 4.287168 50.35
0.11813750258913 0.376870187948103 9.16691695237429 -95.73098 61.36155 52
0.136675636833721 0.291560112006806 9.01053732261925 -82.453695 4.661983 50.35
0.129710890581092 0.386542365372422 9.09052749220338 -95.47967 69.57673 52
0.104892045905706 0.36978302135844 9.48368210785085 -95.88513 56.11927 52
0.230122305766418 0.374137854417897 10.6459998707363 -88.73529 61.18987 51.02
0.127474564035076 0.375938074088057 9.43501411529861 -95.73098 62.00466 52
0.157186907388928 0.389659010553865 9.64721214724077 -95.47967 70.28999 52
0.104008287493816 0.38325245771413 9.2416975961102 -95.66199 65.04663 52
0.112816819239306 0.38087199026899 9.01982487027975 -95.68219 64.48957 52
0.109882512133437 0.384970925727783 9.5466252551296 -95.59745 67.40397 52
0.108119688720495 0.368345353251371 9.70255828272526 -94.27569 55.47212 51.71
0.188974429641743 0.370994064177951 10.4593528865196 -88.91516 56.90527 51.02
0.1280086456756 0.380972157630586 10.6822783142446 -88.67327 64.69911 51.02
0.145673479457425 0.317255617805547 9.47695694058012 -82.531656 4.968328 50.35
0.119967215090149 0.420047258254817 10.2162424089009 -94.23036 101.599 52
0.109118902967192 0.389923681004243 9.52160558960242 -95.47967 71.8659 52
0.107028459370385 0.30075859856808 9.33777376964142 -82.550858 3.386107 50.35
0.105911542724502 0.377063567257178 9.12170206127252 -95.83634 61.34051 52
0.108596854132005 0.323709240942262 9.69548683531245 -82.558055 8.564287 50.35
0.110618836130445 0.384645286180472 9.33124731190441 -95.66199 67.18225 52
0.111381763268376 0.374686198907161 9.07746689677927 -95.86451 60.61026 52
0.171882029172499 0.334835764469577 9.95795306672619 -91.204 18.82817 51.191
0.103990653336503 0.374568216010501 9.64852978467766 -95.83534 61.74864 52
0.105300131287735 0.345322988583597 9.31016718150001 -93.60275 30.35354 51.52
0.153146930436223 0.382327971313417 9.55523276885889 -95.70281 66.32759 52
0.109862224680579 0.327225525784975 9.06865305925274 -91.287741 9.715419 51.191
0.121076795259451 0.395646284238212 10.8755560668463 -88.35045 75.52508 51.02
0.122387157331405 0.375490898914619 10.5460682589084 -90.35093 61.79257 51.191
0.142710309572583 0.304752594422411 9.51234736000086 -82.619267 2.360903 50.35
0.111328495666717 0.377585065691801 9.40394730836149 -95.84431 63.12616 52
0.123421620731708 0.390989126432589 10.1961851310628 -88.61273 70.84858 51.02
0.125003002264424 0.382435666168781 9.80074249770646 -95.80717 65.77582 52
0.17669839345657 0.396263984816362 9.4008117386495 -99.52622 74.7458 53.54
0.237178560805349 0.444165003077599 9.04210105517602 -95.66399 148.5357 53.55
0.144246629174802 0.399275544547622 10.9530506032932 -88.39437 77.64283 51.02
0.104960897779644 0.392392973537355 9.21579304872835 -99.61483 72.58504 53.54
0.134179930424281 0.302216240623175 9.13912691027443 -82.752799 2.935912 50.35
0.113919790544709 0.382294901303975 9.57046107734141 -95.88513 65.36826 52
0.154364416503857 0.446068866120733 9.35138147807209 -94.46002 152.0296 54.31
0.18899360997188 0.411771816858586 9.1133937650221 -99.06619 88.5034 53.55
0.114223156518084 0.314117262981492 9.21332027472776 -80.636537 3.679439 50.18333
0.104908700093297 0.379464593987099 10.5101514298125 -90.54767 61.55781 51.191
0.14626633741107 0.392123464560824 10.7008549685543 -90.22595 71.27062 51.191
0.240057699502002 0.378613671755951 9.09920041810192 -96.01866 62.46747 52
0.169607746903426 0.386870321765517 9.53231292098263 -95.83634 68.34919 52
0.166538191939016 0.390249004144475 10.2680514485056 -88.78509 69.56087 51.02
0.142294834211644 0.409998815060965 10.0458511655587 -92.19525 86.6845 51.52
0.145950643230073 0.410788239518335 9.15733673124974 -99.17055 87.11443 53.55
0.110228911465128 0.324046490792225 9.69833413704598 -80.675358 9.274033 50.18333
0.106458748251419 0.343651209462209 9.34367782829387 -93.87368 28.27063 51.52
0.107612836875063 0.391613264295219 9.01031020734429 -99.74836 71.6474 53.54
0.115024728007195 0.387433842611654 10.7274353904438 -88.94169 66.48556 51.02
0.171522045198734 0.391712482930386 9.69022940743778 -95.76735 71.9806 52
0.130951033957047 0.448801404160767 9.29459790168969 -95.15316 157.2885 53.55
0.164135157385631 0.334262252342034 9.82007643041925 -91.49168 18.07677 51.191
0.114730733802357 0.330507732358865 9.49746431381941 -91.53906 12.97424 51.191
0.186614581700612 0.385820933515151 9.75400897068118 -95.88513 68.88844 52
0.105696056454163 0.348244755187108 10.0098323718024 -91.30736 33.93876 51.191
0.131467194912245 0.451039044518492 9.3633392329764 -94.68316 163.7074 53.55
0.167248560450775 0.383176079909162 9.17678317451799 -96.01866 65.55578 52
0.114832662711114 0.41179944123253 9.1756885985724 -99.17055 88.67915 53.55
0.113537506788239 0.326865119070911 9.29530678327279 -91.58785 10.12126 51.191
0.133310298195536 0.383188959551661 9.18569192599459 -96.01866 65.68568 52
0.141141688089207 0.388456507595471 9.49867022331638 -95.86451 70.5402 52
0.108400594331475 0.370394185533805 9.86852102143248 -94.63237 56.32347 51.71
0.109232054967142 0.41298056551907 9.17466521178086 -99.06619 91.43576 53.55
0.104358311684543 0.30975072420533 9.59520602454585 -80.792141 3.399754 50.18333
0.107565468673744 0.374211429638282 9.59175715588202 -96.24181 59.09314 52
0.106754010569078 0.305560969082416 9.29209627492724 -82.975942 2.000188 50.35
0.146277013129636 0.412606984930429 9.11238323664236 -99.17055 89.46443 53.55
0.11868268954976 0.404033725370179 10.0792148569843 -93.85681 80.51844 51.71
0.115459628564092 0.362671291256377 10.1910398213493 -93.56293 50.20289 51.52
0.109353929540535 0.375684581218733 10.4767182095656 -89.26087 59.94415 51.02
0.151349331931054 0.389855052947452 9.75636024374121 -95.88513 71.53408 52
0.111877166342971 0.377990486593586 9.74901173950996 -96.21263 61.36546 52
0.115182250039619 0.380483524662652 10.6721509660841 -89.10913 65.12591 51.02
0.132571583408215 0.323080214049308 9.516578956602 -80.82851 9.30771 50.18333
0.500667416865071 0.388240932752424 10.5199512171515 -89.00723 68.21834 51.02
0.122798468507221 0.454397876988092 9.0445108998921 -94.27769 169.7438 53.55
0.127532681903223 0.378436414591155 9.37131025362453 -96.17281 63.18491 52
0.142150501625478 0.380298314136192 9.00819198847902 -100.13321 63.55006 53.55
0.114648521245629 0.373067183932243 9.49140846720629 -96.24181 61.152 52
0.133861122562769 0.33185948167681 10.0726777384192 -82.98791 14.62225 50.35
0.194777748501128 0.381693708768431 9.81150150379209 -93.17708 65.48404 51.52
0.141211097091845 0.301578172852889 9.12685342324786 -80.886851 2.819236 50.18333
0.128795340998066 0.319514064768987 9.46913844671553 -80.895048 5.016836 50.18333
0.107041770945728 0.38986450821029 10.7897647006219 -89.00377 69.50693 51.02
0.132241262808076 0.371261521729478 9.3400817508408 -100.25819 57.16699 53.32
0.168100804041287 0.37027457381922 9.41024857851446 -96.39596 57.06372 52
0.131915915364601 0.371258534856786 9.49752377685024 -96.39596 57.40869 52
0.110352289514321 0.379143311194022 9.1208619805816 -96.24181 63.17061 52
0.115259537712784 0.412687303175276 9.04611943908888 -99.28833 89.37752 53.55
0.110035690410014 0.325927070270124 9.67546468502091 -80.92667 10.09429 50.18333
0.105279769708759 0.38410904585575 9.27535935122669 -100.03505 66.17964 53.32
0.152651938315928 0.38864076130631 9.34839360989942 -100.0203 69.46889 53.55
0.230832698998962 0.389330908764345 9.53439423425874 -96.01866 70.77892 52
0.264759162995582 0.342172122344711 9.86482047543389 -91.60947 27.28758 51.191
0.172149334754881 0.391028714870779 9.6835382331988 -96.01866 71.06303 52
0.105281040725548 0.394528795735093 10.6810089335804 -90.44331 73.9408 51.191
0.143992499995791 0.390914044410488 9.06947029509495 -100.036 70.5874 53.55
0.144721367619871 0.36913888441439 9.66015737479945 -96.52949 55.23709 52
0.115250089379022 0.372892546253384 9.35503376199946 -96.42413 59.50072 52
0.129308294896332 0.374521819380682 9.46485105677814 -96.42413 59.57105 52
0.233247197644842 0.379874286579773 9.46664103103983 -96.2906 64.27461 52
0.163654163961365 0.345485481070329 10.054515241759 -91.62421 30.87772 51.191
0.163378523456232 0.452151872534577 9.1488880573479 -94.81669 165.2172 53.55
0.108379633722675 0.402310528548982 9.88938929735657 -95.76635 79.79871 52
0.125736796021037 0.451391458789051 9.08038328459913 -94.97084 163.4541 53.55
0.103784595343514 0.387908236343219 10.680735386114 -89.24512 67.30898 51.02
0.181896024049231 0.381763777541306 9.62628977121767 -96.2906 65.35221 52
0.112482758483536 0.336187514939214 9.75290570315789 -94.31652 19.28541 51.52
0.127852434488878 0.31696446966551 9.36010925911335 -85.253682 4.481324 50.51667
0.131177743419884 0.31002951220402 9.28558847386128 -83.264625 3.600465 50.35
0.181854405173628 0.313947184897709 9.36704670121515 -83.264625 4.074234 50.35
0.160441229301146 0.385908187241344 9.27799147999566 -96.17281 70.02693 52
0.137329925170775 0.41079268333698 9.72623646044742 -99.51047 87.40159 53.55
0.23515708474023 0.400364178219125 9.57645510525881 -99.86615 78.11201 53.54
0.168011152282816 0.384230510194262 9.02570744201597 -100.1892 66.02528 53.32
0.235830188659865 0.385510541019537 10.4780174371534 -89.34948 65.98985 51.02
0.139702376643454 0.451596574934892 9.20802499092504 -94.97084 164.4028 53.55
0.109337811950847 0.457163924324372 9.23004666581971 -93.99001 176.41 53.55
0.118012492699138 0.354837269974526 10.1607929480009 -91.50988 43.37543 51.191
0.104099927338004 0.321591272207835 9.15308732628118 -91.980888 6.112702 51.191
0.106547645028394 0.318839911059959 9.2747654112872 -91.988085 4.883503 51.191
0.107054090541947 0.336115924540356 9.44933837156113 -94.42088 18.86083 51.52
0.107343302592997 0.322240748564579 9.16247101409908 -92.000507 6.815314 51.191
0.180746808422607 0.390277622652246 10.7528689110039 -89.25509 70.75709 51.02
0.126051303115534 0.323396372050726 9.23145218670482 -92.000507 7.567611 51.191
0.130942056509837 0.400884555566627 9.88689241299639 -95.99049 77.9196 52
0.13970438306019 0.375316808840997 9.66691141006772 -96.57828 60.126 52
0.183940542572386 0.330780085171449 9.25000894426985 -92.00151 12.55384 51.191
0.180347292508135 0.384795773474534 9.44378982939191 -96.35513 67.92254 52
0.133249940828071 0.322235187382249 9.22118772787729 -92.029679 7.777689 51.191
0.150814453007024 0.418191830918653 9.14664293580416 -99.28833 95.43486 53.54
0.124827826953846 0.366178315252829 9.50653023168358 -96.7808 53.5546 52
0.199109976720176 0.397661570645494 9.89701039250115 -94.44905 75.40881 51.71
0.151141641811127 0.311460168419296 9.07353754393595 -92.0695 2.629025 51.191
0.107572208529921 0.377352232538614 9.3092696357034 -96.57828 62.04109 52
0.128395119322366 0.321973535748692 9.05433701596392 -92.079469 6.211271 51.191
0.114828028011831 0.330991860153331 9.62800502591799 -92.06605 13.0824 51.191
0.117270912737645 0.38624706803788 9.84991932640087 -96.39596 68.71244 52
0.158709736583466 0.328765314203733 9.43810617504569 -92.07847 11.75978 51.191
0.122044881718149 0.316433808552114 9.25044519493779 -92.119291 4.132212 51.191
0.117061614929737 0.325595873113861 9.51194601273111 -92.105868 9.215199 51.191
0.140248710659362 0.386659566304343 9.62631214301985 -96.45949 67.41116 52
0.256263004037635 0.342087812291505 9.93031586599812 -91.95172 27.44107 51.191
0.12437758993648 0.307427066661362 9.27459031679145 -81.368505 3.346144 50.18333
0.112775720035837 0.400036939376466 9.72422598408337 -96.10827 77.78003 52
0.127905946446417 0.399416034248201 10.6593890358615 -90.66546 76.72665 51.191
0.13884116153486 0.391432144634116 9.55283086926552 -96.35513 70.98386 52
0.107320629073512 0.395026422362953 9.88034262732696 -96.27717 73.30369 52
0.140504298765631 0.417749832917871 9.17382282534284 -99.28833 97.71051 53.55
0.128674382487405 0.390854687710457 9.64210145404955 -96.39596 70.17353 52
0.112681769805212 0.376631258244213 9.73559693442739 -96.68364 61.22025 52
0.129122755141229 0.391641880588339 10.7306557115243 -89.39927 71.23606 51.02
0.123921105329357 0.419099570090315 9.11150731926874 -99.17055 100.7155 53.54
0.106360500641539 0.388871175395018 10.6263229297084 -89.46481 69.73972 51.02
0.112230559363283 0.400855417977193 9.8658736366097 -96.08766 79.46896 52
0.126560714519903 0.347081483263803 9.66113822996512 -94.43662 32.62507 51.52
0.104530245996977 0.32576623449121 9.3209414360267 -92.18383 9.74138 51.191
0.105862340191203 0.33562491194638 9.92574557229527 -92.11929 18.86127 51.191
0.118505691848026 0.368286840350042 9.59773208228863 -96.86596 56.12493 52
0.171543454381983 0.348839628493466 9.76420312481778 -91.92432 34.33128 51.191
0.160206122332985 0.303589475840841 9.12306444184211 -81.457117 3.331893 50.18333
0.111088949139273 0.357023265914152 10.1423628347938 -91.71383 45.08982 51.191
0.153316677908068 0.334494843961251 9.78249638932977 -92.14846 17.06301 51.191
0.178636145959683 0.285710240233593 9.00949789887964 -83.601097 7.969238 50.35
0.152074160975398 0.345777521769485 10.0512022061965 -92.00051 30.45357 51.191
0.149158155839826 0.410213413381492 10.9287703592126 -88.66285 90.47627 51.02
0.176655290694987 0.380058202112118 9.88984350561704 -95.00866 63.81135 51.71
0.16256138962492 0.377855482166517 10.7339979301061 -89.74917 63.06042 51.02
0.131889677918107 0.332484798371804 9.72959066455025 -92.18483 15.36376 51.191
0.175727323837923 0.385916372023217 10.2677382466639 -91.15421 66.0643 51.191
0.154524346259843 0.33244863978076 9.32224895414161 -92.18728 15.47473 51.191
0.14670929128616 0.31738469046395 9.11142905742157 -92.251822 4.191176 51.191
0.130257599397499 0.341978415686339 9.64279331534043 -92.09867 26.01455 51.191
0.104522775407355 0.295574706859665 9.20724664384122 -90.79653 3.34742 51.02
0.107407146836637 0.337941234542652 9.22998302447381 -94.67219 21.20642 51.52
0.138727032958612 0.450981610174794 9.00312242809531 -94.46002 162.4919 54.31
0.146844155180351 0.330613261479295 9.51482612364744 -92.25182 12.95123 51.191
0.120145629779039 0.355311094482557 9.62544954087193 -95.59645 43.36403 51.71
0.18442740428926 0.363832006433171 10.2785159653278 -91.66403 50.72963 51.191
0.140925538652741 0.345169491517436 10.0676255009644 -92.0695 30.93084 51.191
0.120198997481985 0.342255691616534 9.36975420204329 -92.14846 25.3484 51.191
0.134930794707149 0.391284458692148 10.6554493353696 -89.58259 70.09849 51.02
0.146775031397008 0.381242637579021 9.87388702677224 -96.68364 65.63271 52
0.129309789141081 0.3811168330596 9.29758071373729 -96.7606 63.47959 52
0.22250181609344 0.366778225380271 10.4641869627378 -90.09142 54.50172 51.02
0.105553631975906 0.323852286962133 9.11689270718427 -92.320814 7.926151 51.191
0.105267288957419 0.337564874189452 9.54533241432532 -92.23607 20.46626 51.191
0.203274192192196 0.331384107820896 9.71151921505816 -92.28819 14.65458 51.191
0.142582390537413 0.37678550131032 9.60647404130514 -96.80142 63.54517 52
0.130803612829361 0.351820626592464 9.55024345262614 -94.51804 38.24471 51.52
0.10621353959957 0.306605943673826 9.57881914509286 -83.782418 3.646948 50.35
0.172281577103089 0.342731279930841 9.94475282361266 -92.18483 28.3576 51.191
0.114219453496687 0.350178681464012 10.1654407931049 -92.02968 38.04678 51.191
0.113607380618798 0.352422683530842 10.1166722740128 -92.00151 40.01497 51.191
0.112503973208989 0.322181842352268 9.68535221173108 -81.651733 7.857259 50.18333
0.128285214469612 0.343866372597585 9.77427315851946 -92.18383 30.0065 51.191
0.187068743018956 0.386967666218959 9.67509330524386 -96.68264 68.61967 52
0.118838403611092 0.371021734764456 9.54522663879903 -97.04828 56.27175 52
0.169610494323841 0.335694154672301 9.39402425596453 -92.34143 17.658 51.191
0.169898167136908 0.391331341881313 9.7019640325472 -96.57828 72.08632 52
0.17468196363851 0.456496799432224 9.40549423831911 -94.46002 176.2794 53.55
0.111007113307682 0.314967829970177 9.18984578291393 -85.82672 4.1053 50.51667
0.116355545435605 0.301199526469136 9.39646190047689 -81.704978 3.616068 50.18333
0.114840506157345 0.342902430928922 10.3393858591627 -92.25282 27.71615 51.191
0.110437686744295 0.388558179674444 10.4442976157127 -89.80474 68.0369 51.02
0.178025214003999 0.337418314206111 9.87204088330332 -92.35718 20.03064 51.191
0.108218427888252 0.400275714065659 9.79019570883827 -96.35513 79.3593 52
0.167079358363251 0.455634844274801 9.1787177606498 -94.68316 174.0081 53.55
0.230131638767855 0.393379260988416 10.0280186164995 -93.71708 71.62437 51.52
0.136611303694328 0.332778779282331 9.95102838268986 -92.40697 15.95889 51.191
0.213445342918511 0.3620876538893 9.61837926266593 -95.63727 49.16109 51.71
0.113608129200622 0.300272131720767 9.27483721837778 -81.747896 3.514648 50.18333
0.13263684533937 0.375849711881575 10.4520598149696 -90.05605 61.30128 51.02
0.117017848837323 0.372329466678355 9.69389219537725 -97.0891 57.38669 52
0.104751291523404 0.370333531346354 9.36932153562182 -97.0891 57.51237 52
0.123303358666007 0.370831279346636 9.6146354932868 -97.0891 57.79321 52
0.188785835015274 0.359345904753645 9.87232314099912 -91.98089 45.80768 51.191
0.170729012889777 0.336757979444279 10.0287802474685 -92.39355 21.29523 51.191
0.104799987631444 0.321930511795654 9.17497281718256 -91.020678 6.541643 51.02
0.109990197176589 0.352794764215023 9.49740501738472 -95.88513 38.89361 51.71
0.114419663416502 0.329021667725263 9.59470610712819 -92.47151 12.96053 51.191
0.316015134003202 0.372252946640539 9.60062159722071 -97.0891 58.44555 52
0.182111899696622 0.355525998029543 10.0350070553801 -92.0695 42.29041 51.191
0.114124619384458 0.421288225953415 9.56782598232036 -99.27491 105.17 53.55
0.109904602075759 0.424955882731953 9.05373414995213 -99.17055 107.3354 53.54
0.283987452381978 0.299924868268124 9.45854262448242 -81.809338 3.143412 50.18333
0.141869735772864 0.347562428590059 10.043023271888 -92.22365 35.74021 51.191
0.104391092148424 0.412958403637226 10.8846131416906 -88.86883 92.88944 51.02
0.237282403724129 0.309603234182507 9.34445110856722 -81.838509 4.032334 50.18333
0.14977545799491 0.4533360532 9.31026702787843 -95.15316 169.4213 53.55
0.12028057844237 0.303368719884187 9.35837514303862 -81.847478 3.288028 50.18333
0.164458002252322 0.331309022490517 9.53847857875864 -92.52476 14.11946 51.191
0.119708729112489 0.45522143771706 9.17689784939333 -95.15316 169.7459 53.55
0.152539359841076 0.365388972224386 10.3331534885578 -91.88272 53.26878 51.191
0.214447553319269 0.346900601561538 10.2324729983452 -92.32081 32.84399 51.191
0.144085227637865 0.384322451450848 10.6046990958225 -91.5275 65.2871 51.191
0.15520568418378 0.340030780575593 9.95694075815566 -92.43514 25.11522 51.191
0.136332200917054 0.342610223228507 9.74705275273111 -92.43414 27.0547 51.191
0.179339620550026 0.353644863562069 9.72903810471471 -92.18728 41.75484 51.191
0.128538207328512 0.3752866022094 9.5479328124632 -97.0891 62.46982 52
0.140993569405712 0.336970090020759 9.71902953414864 -92.5405 20.04642 51.191
0.151482178336126 0.370032423004489 9.63859897253097 -97.27143 56.46748 52
0.106115193506851 0.422699541710793 9.00732055819282 -99.42186 104.6351 53.55
0.120562730289449 0.3383115694335 9.68353625001241 -92.5405 21.46402 51.191
0.118144222252447 0.336065156946615 9.55808710043103 -92.56868 18.84797 51.191
0.144751380863694 0.346004050829484 9.84819203474097 -92.40697 31.78732 51.191
0.108971498565688 0.360989269890052 10.2455018325007 -92.07847 48.88151 51.191
0.116289290185033 0.325531204406411 9.08238642497487 -92.658287 8.914959 51.191
0.197455914797772 0.327776025195772 9.04874629437915 -92.65829 10.0179 51.191
0.104710585246102 0.351933886135466 9.52633800175959 -96.06845 38.44869 51.71
0.108952715886652 0.384264424737165 9.60258484655626 -100.8178 68.22906 53.32
0.12029458505903 0.38199692296809 10.6332747744511 -90.14466 65.55791 51.02
0.183256464228501 0.319484644774069 9.15776358922762 -92.694655 5.797319 51.191
0.105002560957712 0.39693585816197 9.96568847631569 -95.0732 75.52789 51.71
0.120444326679803 0.314605808777315 9.40815547869699 -82.011862 4.088162 50.18333
0.104114315633079 0.337192907834761 9.8372461781193 -91.13359 21.43818 51.02
0.105312260100757 0.356279482723234 10.1034417135074 -92.25282 43.47601 51.191
0.141165979219826 0.374427085163495 9.37534031533095 -97.27143 59.35487 52
0.137386559184606 0.349233102927643 9.80331006367749 -92.43514 34.62986 51.191
0.152778042635453 0.357606297662442 10.1429896988006 -92.25182 44.14107 51.191
0.136389362882478 0.325892717038527 9.70625636881692 -86.130151 9.082734 50.51667
0.110745112454028 0.352788577727037 9.99211260272064 -92.36615 39.5301 51.191
0.181561803723166 0.386468078556477 10.8427039108363 -90.14121 67.33231 51.02
0.119107380441242 0.363486507613742 10.4171800330857 -90.62664 51.759 51.02
0.125684195343256 0.359527908705048 9.91608278824272 -92.25282 45.9986 51.191
0.111306957338228 0.454090915202734 9.40819682961737 -95.15316 172.0041 53.55
0.111572624351243 0.313530560491022 9.20837078193165 -82.09802 3.462149 50.18333
0.13775017875402 0.348078000813415 10.1420680032692 -92.48493 34.91515 51.191
0.12975262509821 0.320571444258338 9.51209926279744 -82.090824 6.558016 50.18333
0.39241535218357 0.352966980298619 10.2003664147367 -92.35718 41.88674 51.191
0.108603774702968 0.389438685115002 10.1781480557844 -91.64342 68.63901 51.191
0.126748429937352 0.425484791014575 9.23229214970219 -99.28833 110.4219 53.55
0.163607358113299 0.356449992885102 9.93086145937763 -92.31736 44.91583 51.191
0.136854919759461 0.323733503013869 9.49924963586306 -84.255423 7.847472 50.35
0.122446551793597 0.361740598869161 10.1726396255805 -92.25182 48.04439 51.191
0.126060607831001 0.372277893030337 10.2688237712782 -92.02968 56.59641 51.191
0.106732656178477 0.411188427961284 9.96678449991456 -96.35513 88.17144 52
0.133358677118947 0.358287747696801 10.1609354848662 -92.30161 45.97849 51.191
0.232275615514195 0.338897337352584 9.87959727282472 -92.69465 23.11026 51.191
0.224794831849753 0.351566491216019 10.1223189133503 -92.47497 37.86925 51.191
0.134085258463911 0.289491623372821 9.21233381083535 -84.270852 6.230842 50.35
0.113117858783204 0.315877304708416 9.04037016464851 -92.828186 4.616793 51.191
0.119375196004344 0.328715897164392 9.47735518869643 -92.81244 11.47878 51.191
0.118265281605449 0.328874927003042 9.40271692413071 -92.81144 11.90539 51.191
0.111075106702125 0.329553065636769 9.28243384082648 -92.81244 12.24795 51.191
0.185263722591474 0.349307633761893 10.0149073620037 -92.55293 35.74699 51.191
0.216960262730209 0.356599443119623 9.9288320406622 -92.37061 44.89071 51.191
0.110375620286209 0.395219881695575 9.82106461008135 -96.93495 74.26215 52
0.5114868231869 0.313740226785172 9.48794734846542 -82.195184 4.437765 50.18333
0.119159770828448 0.366174325197575 9.44924344608692 -97.55911 53.70577 52
0.106555336979012 0.343050779034204 9.62138264014871 -92.68646 27.80851 51.191
0.170700658712401 0.352370311756794 9.63997899591486 -92.52376 38.27056 51.191
0.188986055836378 0.400408866380749 9.83336349323434 -96.80142 78.78206 52
0.108175101881154 0.397143049017814 10.4573806693279 -90.00381 75.44268 51.02
0.155441006021195 0.303410026865041 9.19004265025055 -82.24297 2.0738 50.18333
0.118032942275547 0.311253926873757 9.58358883911631 -82.24397 3.07641 50.18333
0.155745973888636 0.300815787505398 9.04345654302959 -86.343097 3.502635 50.51667
0.151101214317399 0.365610477560609 10.1035042465209 -92.25182 51.8725 51.191
0.12202752299192 0.308525396303166 9.67650511798975 -82.263176 2.445739 50.18333
0.111509968426435 0.305489940814482 9.33119260177938 -86.365718 2.424416 50.51667
0.105511243233314 0.370672422363216 9.47945945950742 -97.49457 58.34594 52
0.104659585778896 0.321643112207043 9.03882621754517 -92.92922 6.902231 51.191
0.117511569839123 0.340727882448403 9.84459431278684 -92.79901 24.12802 51.191
0.159611689520616 0.459083724542192 9.17426966571021 -94.46002 182.122 53.55
0.128251810069559 0.326800071120717 9.57940982498582 -92.93022 10.57913 51.191
0.142059449636193 0.356178352089042 9.43033924278103 -97.88661 42.68859 52
0.157015446170438 0.3309252901417 10.0560019701901 -82.25494 13.77349 50.18333
0.201399313368926 0.416214146590352 9.16779184411558 -99.17055 96.15968 54.31
0.218789693070069 0.330852760489463 9.5433275457315 -92.93022 13.17266 51.191
0.12559960789568 0.397866583674089 9.83675862595187 -96.97132 76.05472 52
0.305217090284994 0.329274848547267 9.13663641086018 -92.94597 12.14347 51.191
0.161039637935587 0.375536448252114 10.1922848472158 -92.09867 59.81765 51.191
0.112652607268292 0.342002148547754 10.0891248000047 -91.33753 27.2351 51.02
0.161234441929384 0.302729895514326 9.16849530244112 -82.33668 2.58447 50.18333
0.119722215384114 0.430249802700224 9.05090455572963 -99.06619 117.8392 53.55
0.177630740938654 0.363002625226998 10.2635990400063 -92.35718 50.82333 51.191
0.142493963727409 0.348713267388546 9.83700618709816 -92.71053 34.13022 51.191
0.106470971681214 0.341680564831178 10.1262270565765 -92.81144 28.00138 51.191
0.111506850289446 0.311480893147283 9.09624194466359 -82.349335 2.694342 50.18333
0.184651357154453 0.334082310123829 9.80126710971275 -92.94597 16.36393 51.191
0.429886816507964 0.339242325927591 9.43482935287522 -91.42614 22.45185 51.02
0.10990854186539 0.378451076149242 9.69010632500825 -97.48115 61.71384 52
0.106550634725331 0.318327730615889 9.58278623563113 -82.362758 4.811992 50.18333
0.120624402836474 0.390915906328201 10.3603114885199 -90.31833 70.27967 51.02
0.115131868656611 0.341174056136774 9.55523546317041 -92.88043 24.71584 51.191
0.14972791707196 0.306916804122291 9.56063335865541 -82.37751 2.60804 50.18333
0.106665608815799 0.369709407850006 9.58471291799556 -97.67689 55.09384 52
0.111233423875258 0.357364318482344 10.2738943709742 -92.48293 47.36695 51.191
