1 0.314096854578881 9.38596524545904 -72.000241 3.764231 52
1 0.390370253160479 9.82902886231981 -79.92697 72.00416 53.32
1 0.371819676373382 9.74922558316904 -80.56454 58.90502 53.55
1 0.317017209752334 9.27959630794499 -76.799703 5.418779 52
1 0.31911771909082 9.38176795425743 -77.37507 5.76867 52
1 0.377314108160156 9.79860169605879 -81.18073 61.58689 53.32
1 0.291627290280196 9.06953179184467 -77.48188 4.135055 52
1 0.381801814681314 9.49845510245148 -81.5588 64.30436 53.54
1 0.304062657761041 9.08270963924251 -76.135727 2.618242 51.71
1 0.405686462286434 9.84014854705168 -81.35585 81.06749 53.55
1 0.306015655173859 9.08805215358257 -76.817904 2.529515 51.71
1 0.310087559266075 9.24813187278266 -76.90406 3.14025 51.71
1 0.306620465279388 9.28760795267092 -75.836075 2.964886 51.52
1 0.389440877489359 9.92329441560592 -78.07964 69.6224 52
1 0.320388846364472 9.70599240228249 -77.677625 6.120611 51.71
1 0.302730613155155 9.07389888577672 -77.779531 3.102312 51.71
1 0.38187618880288 9.74737189243284 -78.60288 65.61141 52
1 0.387817790218553 9.94565024906339 -78.60388 66.86123 52
1 0.319796625111266 9.27822625524949 -76.344447 5.961401 51.52
1 0.298468264551116 9.45547018150731 -76.356869 3.717582 51.52
1 0.391361309835032 9.87754509476208 -78.51327 70.02403 52
1 0.309433850918912 9.05272092814588 -78.001675 3.040669 51.71
1 0.385971089875942 9.81838586132299 -78.77278 66.89647 52
1 0.382811643801552 9.96273575628313 -78.94714 64.19567 52
1 0.384530907421653 9.91226229804852 -78.9551 66.57754 52
1 0.314980652786077 9.04892300026122 -78.253989 3.694318 51.71
1 0.386663205900977 9.69242478746636 -78.99593 67.79937 52
1 0.318478711470906 9.33037121649095 -76.929908 5.517566 51.52
1 0.382420381261092 9.80955009742175 -79.28361 65.14446 52
1 0.319527979327409 9.26977597795627 -76.982024 5.078111 51.52
1 0.363874094355597 9.53580798094969 -79.80786 50.07195 52
1 0.307830173755701 9.14981315416166 -78.525923 2.671566 51.71
1 0.386923517637688 9.83061177664877 -79.28361 67.6198 52
1 0.381224513152286 9.88436230248727 -79.46593 64.55795 52
1 0.313256877847159 9.11405607623967 -77.269706 3.523229 51.52
1 0.307435484614716 9.37464078743293 -77.27316 2.743105 51.52
1 0.393934166235398 9.88168211570384 -79.3526 72.09307 52
1 0.370336273241891 9.8109219813603 -79.94139 56.28494 52
1 0.298697662615121 9.15472815414582 -77.32673 3.4402 51.52
1 0.384709762783772 9.76703926815815 -79.58471 68.07495 52
1 0.371529338092209 9.66650797313068 -84.70071 57.89572 53.55
1 0.311388623324211 9.09712946968559 -77.440734 2.854142 51.52
1 0.381213117088489 9.56221377375504 -84.54656 64.35226 53.55
1 0.388559958510188 9.86092496418739 -79.69007 69.52796 52
1 0.314603538536396 9.34734336938216 -77.59721 3.525782 51.52
1 0.35401045458549 9.57681539229841 -80.66171 40.52285 52
1 0.382435947943025 9.81677030885367 -79.91222 65.82288 52
1 0.315187876341837 9.17062044262123 -79.155857 3.585733 51.71
1 0.378519326844943 9.7202641793583 -80.09454 62.10163 52
1 0.385238087484021 9.87099836717228 -79.98918 66.61215 52
1 0.381491720517722 9.80733494764697 -80.09454 63.98952 52
1 0.381644575661398 9.80575462805969 -80.21332 64.06368 52
1 0.382678342123892 9.8909882028921 -80.21232 64.25098 52
1 0.376933643314612 9.82978549024704 -80.31768 62.23448 52
1 0.378006497535136 9.9374540624549 -80.34585 62.05345 52
1 0.390494234460977 9.67378793823602 -80.09454 69.40822 52
1 0.316822471186814 9.31964889330474 -77.966307 4.657683 51.52
1 0.392012852870243 9.93837399932731 -80.09554 70.56887 52
1 0.377497340536063 9.80782905238682 -80.41139 62.74142 52
1 0.387185424435963 9.81771396147555 -80.1999 68.48016 52
1 0.399795053642396 10.0358458333044 -79.8714 76.68896 52
1 0.378316749551718 9.86670953960656 -80.45121 62.27157 52
1 0.310120192050809 9.33546003637593 -78.098838 2.713693 51.52
1 0.376736399712408 9.69317684111265 -80.56554 61.97048 52
1 0.383022799950279 9.72363555015803 -80.501 65.4792 52
1 0.392262135657996 9.89640349958348 -80.31768 70.22334 52
1 0.38144967076584 9.78989798523504 -80.501 65.55694 52
1 0.388451955878937 9.91171990644469 -80.39464 68.52879 52
1 0.381883743577171 9.67219024007844 -80.56554 64.2542 52
1 0.310008020485884 9.20814694502416 -78.262958 3.410015 51.52
1 0.379399237877057 9.71972765920808 -85.22528 62.94269 53.32
1 0.318930821043437 9.46560846537316 -78.308559 5.698348 51.52
1 0.369733892264943 9.82329657756216 -80.92122 56.2468 52
1 0.390338881810028 9.77833819619043 -80.46018 70.037 52
1 0.382442400996348 9.89062189961023 -80.6699 65.5072 52
1 0.388763465412202 9.81562920965844 -80.55212 69.44461 52
1 0.321822141971482 9.43508323588581 -78.437312 6.619614 51.52
1 0.387588010492522 9.75409250210741 -80.61879 68.07906 52
1 0.372192591541113 9.89611684891772 -81.08779 57.45413 52
1 0.385085872827186 9.81199867623811 -80.78769 66.82552 52
1 0.357720437274745 9.58298183384616 -81.48083 45.1063 52
1 0.389823952410558 9.81038583911427 -80.61879 71.40953 52
1 0.388929584279046 9.90405804604057 -80.74786 68.46824 52
1 0.381881443460888 9.80080294817769 -80.92122 64.35727 52
1 0.390980823462214 9.92214654130544 -80.78769 70.299 52
1 0.391853292606305 9.70581533819182 -80.78869 70.62629 52
1 0.383477167590986 9.93609969710801 -81.039 65.81441 52
1 0.40585659592788 9.90175874398637 -80.38222 81.99371 52
1 0.386553971546177 9.87682055787677 -80.97101 68.62235 52
1 0.387675129038386 9.7897457313505 -80.97001 68.8653 52
1 0.388948443153943 9.98995332248761 -80.97001 68.88134 52
1 0.394215164140439 9.99228738426864 -80.77526 73.97308 52
1 0.383320226083847 9.85889378450241 -81.07537 66.80626 52
1 0.387016358879044 9.791461854696 -81.07537 67.59828 52
1 0.375405801969937 9.6915644684564 -81.37547 60.15586 52
1 0.381063584497671 9.7924640908012 -81.25769 63.55143 52
1 0.384366520396725 9.81151569349846 -81.14436 66.86117 52
1 0.383543457129721 9.93691713892909 -81.25769 64.21439 52
1 0.395858571525316 9.94944940347356 -80.89305 73.79694 52
1 0.376374796610689 9.84238956404976 -81.37647 61.21635 52
1 0.377305580596911 9.69734936477535 -81.36305 62.03236 52
1 0.379470775571408 9.81546478813152 -81.37647 62.71397 52
1 0.3895146228652 9.86729843921233 -81.10454 70.86585 52
1 0.381811094419066 9.9050850482044 -81.48083 64.92707 52
1 0.390421857990216 10.0625253758324 -77.82791 70.11681 51.52
1 0.323501133267073 9.59110377685286 -82.686807 7.921479 52
1 0.384926524232594 9.91785632739842 -81.48183 66.6247 52
1 0.38196956149487 9.79611583082083 -81.58619 65.06606 52
1 0.380300269714626 9.70572342323885 -86.26933 64.13226 53.54
1 0.379163148704219 9.7380196646237 -81.73315 62.60341 52
1 0.376551940584265 9.55199469971063 -86.45165 61.75257 53.55
1 0.389835641602167 9.81069856108512 -81.54983 69.51345 52
1 0.369448747017001 9.75423731920312 -82.06962 54.72258 52
1 0.383529372023057 9.75140954786557 -81.66416 66.83368 52
1 0.3920982268234 9.70539823633185 -86.02046 72.34497 53.32
1 0.395511478792936 9.95783061322474 -81.48083 73.62631 52
1 0.378270553640955 9.74593163542195 -81.8873 63.95186 52
1 0.386129907319109 9.79038498369618 -86.19136 70.40027 53.32
1 0.39332389068978 9.719232600912 -86.19136 71.27937 53.32
1 0.383440927950942 9.87533763336168 -81.8873 67.75946 52
1 0.363418498076043 9.46458307703701 -86.98887 50.73906 53.32
1 0.388884962348795 9.89496011617234 -81.8863 70.06707 52
1 0.392244084548868 9.81667361922991 -81.8873 72.88175 52
1 0.377583240396242 9.67859799070582 -86.89793 62.09696 53.54
1 0.395402347969072 9.90380054286981 -81.8863 74.30204 52
1 0.376407704694741 9.76973090704371 -82.39712 61.34503 52
1 0.371268498757443 9.7848277956136 -82.57945 56.81337 52
1 0.377871385351675 9.7863475570395 -86.88351 62.80502 53.32
1 0.373023787842048 9.61529752022296 -87.18562 59.01588 53.55
1 0.368631487436068 9.66228679923788 -82.80259 53.88143 52
1 0.360415638444335 9.59663205916457 -87.54129 48.14957 53.55
1 0.37798166990239 9.89876853541139 -82.57945 61.81025 52
1 0.317770388686017 9.06619586600194 -83.631269 4.435162 52
1 0.373512914953758 9.80403696459448 -82.80259 58.05297 52
1 0.390737220744049 9.75866259774838 -82.29176 73.14464 52
1 0.321785182746001 9.31519194425107 -83.839989 7.779408 52
1 0.400049234022388 9.98543898509627 -82.27934 77.51788 52
1 0.330531469622635 9.38589503391049 -83.97119 13.0531 52
1 0.318944852486832 9.19592746182805 -84.023311 6.002724 52
1 0.370917545088712 9.72370466409998 -83.15581 58.41234 52
1 0.38725662069896 9.80229713208283 -82.76277 69.7865 52
1 0.378062316066812 9.89537778272197 -83.09027 61.55026 52
1 0.370621178572267 9.83165190663217 -83.27259 56.29041 52
1 0.388375540906352 9.754557649546 -87.35351 70.09374 53.32
1 0.309866375466244 9.13906893905159 -82.322617 2.964765 51.71
1 0.392037641665816 9.7113390273273 -87.3024 71.72453 53.32
1 0.382401913749168 9.73758050288866 -87.69544 63.97203 53.32
1 0.386174603870351 10.2504244888326 -79.71724 67.8036 51.52
1 0.385830081537841 10.5873939607629 -83.27937 66.11367 52
1 0.392969403866495 9.71601621106808 -83.09027 73.89671 52
1 0.378620746022647 9.91917299607554 -83.56028 61.25449 52
1 0.382003893763311 9.88500439051827 -83.49574 64.36669 52
1 0.374786275463426 9.8921222123793 -83.62927 60.67438 52
1 0.379710661700929 9.73592420329805 -83.56128 63.90696 52
1 0.384114662602885 9.70744143355417 -83.45591 67.15957 52
1 0.373336519761135 9.48673437125002 -83.7638 58.49611 52
1 0.38505934700669 10.2734023278852 -83.49674 66.65096 52
1 0.371819812737658 9.74100246451821 -83.82424 57.38804 52
1 0.379855670943492 9.93621578121951 -83.66664 62.40539 52
1 0.395143399484157 9.80413524343467 -83.27359 73.20599 52
1 0.339040736129166 9.92297156404109 -82.7548 22.04158 51.71
1 0.392353258107434 9.77628857808917 -83.37895 72.03168 52
1 0.387614151988566 10.5802569215635 -83.5777 67.80144 52
1 0.319043986119851 9.28867097282723 -82.973489 6.049689 51.71
1 0.373070934488951 9.84017509146917 -84.00656 56.85242 52
1 0.386268074520599 9.61334510195675 -83.6021 68.64337 52
1 0.398514618323441 9.93415572410796 -83.27259 77.23323 52
1 0.388066978588937 9.79466857942359 -83.6011 69.1629 52
1 0.375241820850244 9.85809120652306 -83.95777 59.88347 52
1 0.390075687575947 9.78823860995418 -83.6011 70.09202 52
1 0.385815202936275 9.85421335387538 -83.67906 68.24218 52
1 0.316818708033178 9.54808969505418 -81.626015 5.131115 51.52
1 0.376873286326389 9.51892879165066 -84.00756 60.28643 52
1 0.404181010444466 10.0272129439275 -83.24888 80.10135 52
1 0.377554684925441 9.96533789020308 -84.00756 60.66079 52
1 0.377170804981465 9.91279495529529 -83.96674 62.15441 52
1 0.380997576687882 9.85618627046426 -83.9012 64.82686 52
1 0.393864921860779 10.1449160454434 -83.62827 72.74154 52
1 0.374972463080015 10.0091346012882 -84.11192 59.85078 52
1 0.385152704677302 9.86572548004087 -83.88878 66.37979 52
1 0.329154030796234 9.28132601345303 -83.16026 11.24742 51.71
1 0.385640104037571 9.79037119578178 -83.86816 67.70702 52
1 0.375683341029256 9.68172591507024 -84.0721 61.98631 52
1 0.376009265529523 9.63743828329206 -84.11192 61.02214 52
1 0.318749580720487 9.37361562224759 -83.235453 4.605656 51.71
1 0.387015239383523 9.8061140863641 -83.9022 67.77841 52
1 0.358982277967539 9.64347739653584 -84.54556 47.70747 52
1 0.392524709640643 9.71814444598474 -83.78442 71.97189 52
1 0.384979067110985 9.76863002187086 -84.00756 67.24122 52
1 0.311860456664508 9.19685263734179 -83.378954 2.715082 51.71
1 0.336436733710535 9.3666313198065 -83.27459 19.75128 51.71
1 0.377436283871568 10.057437761274 -82.33359 62.6786 51.71
1 0.412401422632387 10.2116846144337 -83.21138 88.83721 52
1 0.389492557103218 9.69867985444416 -84.00756 70.94648 52
1 0.38535668510887 9.95302458759472 -84.20463 66.29221 52
1 0.388365102459453 9.69333321014768 -84.12535 68.46197 52
1 0.375857556062445 9.75304436838243 -84.42778 60.19641 52
1 0.389064117999229 9.80898324390836 -84.11192 69.31181 52
1 0.39549133819376 9.71943484841383 -83.96574 73.14172 52
1 0.368075386189062 9.87690638765514 -84.63517 54.23326 52
1 0.385716864974531 9.62016396988142 -84.18988 67.99443 52
1 0.378152908039745 9.75460669578504 -84.3996 62.10107 52
1 0.38396389915723 9.93211977727178 -84.29424 65.22284 52
1 0.363351272820748 9.639705627934 -84.77767 50.22543 52
1 0.383990374890629 9.88092549266903 -84.32242 64.87308 52
1 0.387589578456212 9.74235841006765 -84.18988 68.8765 52
1 0.383976259566201 9.69492439614632 -84.34749 65.01496 52
1 0.371896816682563 9.73559703665882 -84.59435 58.18356 52
1 0.387876942727278 9.87138834806235 -84.12535 71.69201 52
1 0.404249748440274 9.99311856655946 -83.73563 81.0622 52
1 0.385632108300363 9.67217693745628 -84.22971 69.11125 52
1 0.386930540918382 9.78169300287623 -84.35878 67.19932 52
1 0.385111773683947 10.1343302117242 -84.41303 65.71017 52
1 0.363351068915185 9.6783940743394 -84.92285 49.58236 52
1 0.386832389820155 9.61375823552752 -84.37221 67.97917 52
1 0.388685582303821 9.78210083200553 -84.29424 70.07427 52
1 0.404832805723062 10.0811078997274 -83.88978 80.07976 52
1 0.373320267826134 9.98299594639286 -84.68729 59.64225 52
1 0.369895704312965 9.82820132777999 -84.80507 55.9379 52
1 0.395683615150627 10.2917236858077 -84.22971 72.79136 52
1 0.387512246705962 9.7971474580193 -84.35878 69.77298 52
1 0.384709676622252 9.80754420352267 -84.48102 66.87731 52
1 0.383156434305969 9.65304831993438 -88.89941 66.44345 53.32
1 0.384519147555839 9.83847826890606 -84.51739 66.29798 52
1 0.389129517055167 9.71686467936248 -84.41203 69.7054 52
1 0.38721422084076 9.90541460161632 -84.51739 66.99616 52
1 0.381397797163562 9.68077000308846 -84.58293 65.3212 52
1 0.390338206653144 9.89626998414428 -84.48102 68.45836 52
1 0.365614797798019 9.64871442420804 -84.99981 52.90508 52
1 0.374579854080882 9.87377839274417 -84.87061 57.35794 52
1 0.373409616603389 9.89472437612062 -84.80507 59.5365 52
1 0.377198481052229 9.75101918706857 -84.76425 60.82985 52
1 0.376264767445754 9.66616522453665 -84.76525 61.6453 52
1 0.351954894903558 9.59480223788794 -83.48331 39.67465 51.71
1 0.37915725243587 9.59401663990931 -84.70071 64.06454 52
1 0.291719094042619 9.05032352234596 -77.886345 5.021675 51.02
1 0.373540003836571 9.85773006361952 -84.88649 58.51658 52
1 0.382501220651943 9.63510877536285 -84.63517 66.01454 52
1 0.378535572409611 9.90700909555544 -84.69971 64.20494 52
1 0.38398645701315 9.71373544568748 -84.58193 67.57387 52
1 0.401086763553696 9.92004339836065 -84.11192 79.62528 52
1 0.375456038588226 9.63724613926915 -84.84221 61.22977 52
1 0.389303622637902 9.90277319416288 -84.59535 68.44619 52
1 0.374034904352958 9.87598594842113 -84.88303 60.32902 52
1 0.367288946555461 9.7341589462309 -85.10517 53.08048 52
1 0.377812988538528 9.406088391283 -84.83424 61.83158 52
1 0.3855477387698 9.60469141259197 -84.65989 66.85697 52
1 0.393982197187913 9.96061396412728 -84.5421 70.45726 52
1 0.38902324147156 9.76127257251465 -84.63517 68.20294 52
1 0.373283846806076 9.83564513366773 -84.95102 59.21363 52
1 0.341135985782137 9.72703816707607 -83.85341 24.71443 51.71
1 0.385889717320824 9.75251491492137 -84.59535 69.52791 52
1 0.368668506924493 9.78824956059414 -85.06535 55.90056 52
1 0.390698263691016 9.74195672875614 -84.5421 71.27158 52
1 0.391366405542341 9.79289685851649 -84.58293 70.38077 52
1 0.379876830696695 9.73905508369611 -84.80507 64.414 52
1 0.36228809185954 9.79213634782975 -85.23871 50.46244 52
1 0.382802072126822 9.69721803289278 -84.81749 64.42069 52
1 0.376092417167797 10.0738202552045 -83.04248 61.4174 51.71
1 0.383711736489935 9.7235161891699 -84.76425 66.48879 52
1 0.388664925197774 9.80550076924284 -84.69971 68.32167 52
1 0.369872518283341 9.72798227864459 -85.10617 56.35998 52
1 0.379830409374602 9.61979910775913 -84.88303 63.66149 52
1 0.310523180838461 9.14771118861488 -82.686807 3.328679 51.52
1 0.370473476638114 9.85195702244593 -85.12092 57.0005 52
1 0.386263058306309 9.59932160138534 -84.76525 67.5973 52
1 0.383918393505487 9.66775304563143 -84.77767 67.41316 52
1 0.332929545626132 9.27808047630192 -84.0721 15.89006 51.71
1 0.347409758100778 9.50619868561982 -83.85341 32.66454 51.71
1 0.376871037036773 9.54471843486834 -84.98739 62.10668 52
1 0.386885754484381 9.75057141870685 -84.76525 68.4189 52
1 0.391844315655358 9.74858563338048 -84.70071 70.2607 52
1 0.379034762001759 9.64576920737146 -84.98839 62.3156 52
1 0.373908688049245 10.0455891930169 -83.20905 59.0384 51.71
1 0.380390506709846 9.81772319124469 -84.98739 62.72337 52
1 0.365457687085401 9.75511992836957 -85.32832 51.70605 52
1 0.374642963803793 9.70107836790819 -85.10617 59.46531 52
1 0.389628081054085 9.8629635914965 -84.65989 72.41526 52
1 0.39416090991252 9.93413777468735 -84.69971 71.80907 52
1 0.394043642386684 9.87695597508717 -84.69971 72.10387 52
1 0.373579153513978 9.64998645181217 -85.16971 58.82448 52
1 0.379738891842613 9.91213239106915 -83.15926 62.47384 51.71
1 0.385567020162861 9.83267623912281 -84.92285 66.3305 52
1 0.389454638398513 9.79044996299832 -84.81749 69.22204 52
1 0.380262587851913 9.75438046374142 -85.00081 64.59727 52
1 0.379159443482494 9.7856794828384 -85.08556 62.40862 52
1 0.380808343736314 9.75224912741618 -84.98839 65.53004 52
1 0.369530668182814 9.99635154676027 -83.39816 56.63089 51.71
1 0.375447670570238 9.81021565376113 -85.17071 60.45143 52
1 0.386119306811867 9.38839837137668 -84.95202 67.03268 52
1 0.38810053137983 9.83291317399253 -84.88303 68.92807 52
1 0.388048875578213 9.76982073599822 -84.88203 69.02817 52
1 0.374150055254708 9.6652609764934 -85.16971 60.86353 52
1 0.391529801875618 9.82552142506403 -84.76425 72.31932 52
1 0.381993508282151 10.0706145144145 -83.13109 65.39032 51.71
1 0.386923249085539 9.82742495486576 -84.88303 69.31702 52
1 0.341609972372905 9.36358580414902 -84.12535 25.54876 51.71
1 0.389497826918825 9.8252110861434 -84.89778 69.1146 52
1 0.383723247777901 9.66463774722864 -85.01656 65.89956 52
1 0.368273442545501 9.75627481790323 -85.39286 54.41299 52
1 0.374477685962783 9.68619285015246 -89.62073 58.51264 53.32
1 0.385181474403116 9.88069004172175 -84.92285 68.69673 52
1 0.378782391430284 9.79216958219706 -85.10617 63.58011 52
1 0.388795723495435 9.86484704070311 -84.81849 71.5182 52
1 0.381760036489019 9.82160054072185 -85.10617 63.64512 52
1 0.393586458598666 9.77776701550823 -84.77767 72.68107 52
1 0.378287209281236 9.51834817111481 -85.16971 61.89649 52
1 0.391402771498658 9.83026364662666 -84.80507 72.022 52
1 0.379569986464056 9.80599049974688 -83.25297 62.93215 51.71
1 0.376444918149484 9.65198766068573 -85.23971 60.10363 52
1 0.38731426676442 9.66931563841132 -84.95102 68.54311 52
1 0.396431130720921 9.91543754108147 -84.76525 73.58251 52
1 0.392110062761395 10.3131009028361 -83.00611 70.11434 51.71
1 0.381439113475849 9.84832464348172 -85.10517 64.7557 52
1 0.353337359828538 9.46989316561059 -85.7859 40.79415 52
1 0.389934855695097 9.84603179093164 -84.88303 70.91692 52
1 0.35245285906295 9.62574835402012 -83.95777 39.2144 51.71
1 0.378646473499565 9.71040640651535 -85.21053 62.24709 52
1 0.376507663168767 9.98313173898436 -85.21053 62.31997 52
1 0.387385553819798 9.73840567202235 -84.98739 69.01535 52
1 0.391139739074462 9.8233244912872 -84.92285 70.75218 52
1 0.382467162717837 9.87342003864126 -85.10617 65.9525 52
1 0.364026583596203 9.61758725043355 -85.616 49.60469 52
1 0.384303193099436 9.755525704422 -85.06535 67.27605 52
1 0.397064319443506 9.96857700176735 -84.78445 74.62395 52
1 0.36727393695163 9.83684542125216 -85.52639 53.42617 52
1 0.387148364202986 9.84820817382377 -84.98739 69.87198 52
1 0.378989753557115 9.81100992005888 -85.23971 62.88806 52
1 0.387927311884835 9.71469197858577 -85.00081 70.13861 52
1 0.36440675190376 9.72738376682671 -85.616 51.382 52
1 0.388500479368308 9.67699674403722 -85.04064 69.27028 52
1 0.378962163771306 9.406015590042 -85.24767 63.47864 52
1 0.373588436654394 9.7499566544286 -85.42103 58.70076 52
1 0.372397742352316 9.82311573413438 -85.46185 57.96815 52
1 0.368315007512366 9.57297120579123 -85.57618 54.29419 52
1 0.383994615642624 9.82393260491398 -85.22296 65.65713 52
1 0.379900867442853 9.66589427678675 -85.27507 64.32252 52
1 0.382063471998507 9.72845678435912 -85.2885 64.0269 52
1 0.384672649446566 9.95232496479385 -85.23871 65.45927 52
1 0.413222694307659 10.3000483861935 -82.16601 92.64916 51.71
1 0.38696996860306 9.91500978319782 -85.16971 67.58505 52
1 0.386755105827162 9.76265838059755 -85.10517 69.50868 52
1 0.376527125550488 9.64004220387589 -85.42203 60.5862 52
1 0.376175437410268 9.60668844457775 -85.39386 61.5703 52
1 0.381686890999376 9.60052199537205 -85.2885 64.77069 52
1 0.388816272405352 9.67689019539819 -85.05193 71.40715 52
1 0.386073346388262 9.62156900565756 -85.23971 66.3507 52
1 0.389621728609515 9.88685228617793 -85.10517 70.07493 52
1 0.384188627232481 9.788554792869 -85.17071 68.32578 52
1 0.379886241790862 9.39230958675934 -85.37324 62.56724 52
1 0.385518919602652 9.60375106047779 -85.12989 69.79645 52
1 0.390854862716657 9.84767072330327 -85.09275 70.88254 52
1 0.381798232355873 9.86330483951067 -85.35303 63.76003 52
1 0.375013066362862 9.80922243382113 -85.4584 60.72785 52
1 0.393639890408367 9.8151367618698 -84.98739 73.76442 52
1 0.380523114040902 9.65713766385115 -85.39386 62.75678 52
1 0.371969731911583 9.74737585531908 -85.57618 57.16669 52
1 0.387326705999007 9.72613742121494 -85.22296 67.99824 52
1 0.375100981390934 9.51738920840786 -89.81571 60.78669 53.32
1 0.319181049658259 9.2567439288137 -83.183209 5.535396 51.52
1 0.39010300067967 9.69021229443138 -85.10617 71.58454 52
1 0.318850759152315 9.17708773952268 -83.188436 5.732399 51.52
1 0.383497685997824 9.78982776617888 -85.2875 66.79505 52
1 0.385850493808269 9.69952817994315 -85.27507 67.34776 52
1 0.381149233395369 9.61607522934163 -85.35203 65.40925 52
1 0.393817510058072 9.84663728125066 -85.08556 72.63093 52
1 0.377633688465511 9.73801054476276 -85.51164 60.83652 52
1 0.363803893203353 9.58808070339606 -85.79932 51.36077 52
1 0.388446181656358 9.84493339478025 -85.17071 70.5967 52
1 0.355026590983271 9.71997358932369 -84.14109 42.93228 51.71
1 0.377481600974065 9.82177845710193 -83.6011 61.91661 51.71
1 0.373674707921544 9.48742784457909 -85.60435 58.35687 52
1 0.393625356094607 9.83533237922261 -85.10517 72.60118 52
1 0.385578176269682 9.76675753201291 -85.2885 67.75154 52
1 0.363902568523276 9.78117376449723 -85.86386 49.56343 52
1 0.3767829920727 9.86317570049627 -85.49822 62.03249 52
1 0.390464505729075 9.87022183988403 -85.17071 71.35707 52
1 0.384098402374389 9.92973397857483 -85.39286 65.35475 52
1 0.377151452520201 9.80322625494788 -85.47082 63.14871 52
1 0.42454901281561 10.3006839771775 -83.2248 110.7629 52
1 0.336327838618271 9.19106918739393 -84.58193 18.74774 51.71
1 0.385721675289162 9.81349587116727 -85.32832 67.40665 52
1 0.379829160383971 9.4621485468854 -85.42203 64.84689 52
1 0.384916479354278 9.72939878897075 -85.2885 68.57668 52
1 0.317532512960999 9.12759274854714 -83.264625 4.655929 51.52
1 0.350806332269097 9.5801449095752 -84.32442 36.69836 51.71
0.398018669318942 0.383750586175813 9.66957561371881 -85.39386 65.83832 52
0.4272897326111 0.399377496612056 9.97049456208457 -84.98739 76.5865 52
0.440876886934345 0.376111142153193 9.87833928203323 -85.55456 61.33253 52
0.437829808726816 0.386285607605855 9.7622672023144 -85.39286 66.26378 52
0.509315331327954 0.391658633780241 9.82910417807239 -85.17071 72.39701 52
0.43724840588385 0.381804648338063 9.85775921870452 -85.46185 64.5723 52
0.417584258558715 0.383106054672047 9.80992405548048 -85.39386 66.51591 52
0.439627459227422 0.38638669176672 9.716006920825 -85.38043 66.99051 52
0.460500302147895 0.330004950422884 9.85053954371224 -83.26462 13.74204 51.52
0.402046893111507 0.388837533995383 9.72842915177959 -85.2885 69.99112 52
0.408008086964795 0.388370415103081 9.94159495541679 -83.49574 67.53732 51.71
0.469914253067917 0.372923464801352 9.64090281865186 -85.64517 59.85427 52
0.491624123997161 0.391888106103898 9.73340234395847 -85.23971 71.39308 52
0.445605303928701 0.381237959497899 9.87797735818706 -85.49822 64.40746 52
0.481934606610201 0.385331091025333 9.91291417196963 -85.39286 67.41644 52
0.403539488361551 0.381078533957659 9.49211216345298 -85.53536 63.48734 52
0.396162438285004 0.374639006934561 9.80681857274224 -85.68054 59.29233 52
0.401714701996945 0.393771312965968 9.75148086255923 -85.17071 73.75094 52
0.543505515372274 0.384738127169292 9.79270335561521 -85.39386 67.9978 52
0.406385047774904 0.37823356018295 9.63869289383929 -85.57618 62.86816 52
0.392040785575458 0.368238118261539 9.73671011008872 -85.79832 56.19247 52
0.508392035008193 0.385267016934578 9.84728689711349 -85.39386 68.37391 52
0.404088981354435 0.342848489544922 9.45251304206742 -86.42693 28.31964 52
0.557484951003625 0.369899165466221 9.6961348513557 -85.79932 56.34394 52
0.630494923816639 0.389645745398882 9.82013685695522 -85.27507 71.65452 52
0.57567183309235 0.371510054686493 9.97854969580905 -83.86816 58.19818 51.71
0.404719006965027 0.375647622600428 9.49110153775568 -85.68054 60.31108 52
0.396513175557041 0.375138426743575 9.72184471442775 -85.64517 61.5899 52
0.386212038015622 0.398054823490285 9.99265664499934 -85.17071 74.58628 52
0.189349547896802 0.383089077090858 9.80150458378511 -85.51164 65.86448 52
0.199681960695398 0.385651205291034 9.89216471603984 -85.39386 69.17732 52
0.218791233232098 0.371899031933317 9.83088175244448 -85.74953 59.24168 52
0.179954010375614 0.385409224085883 9.78594676807764 -85.52639 66.03302 52
0.208519404311019 0.377761236243798 9.70403135753358 -85.68054 61.55657 52
0.217116338156111 0.318352012198579 9.35516966276458 -83.408125 5.485738 51.52
0.162381331448284 0.386081814528785 9.72484313750247 -85.4584 67.98142 52
0.271948543572647 0.377300005920258 9.84696361190227 -85.68154 61.89065 52
0.18216804749755 0.386799695619072 10.2150983689597 -82.2158 66.44874 51.52
0.161595641856747 0.397385884952568 9.91170533121844 -85.21053 75.17571 52
0.160302846775611 0.381297247516298 9.69665782167434 -85.63175 63.94687 52
0.191342850084703 0.375984946677082 9.68934127424589 -90.06257 61.28407 53.32
0.158263540576443 0.391643595774101 9.71738483439085 -85.39286 71.02155 52
0.159143525727712 0.375925560253304 9.75269835456451 -85.74953 61.03235 52
0.250827647785469 0.38359894442939 9.64983372398143 -85.57618 66.23787 52
0.169032493835921 0.394235111483126 10.0138358301155 -83.40813 73.74911 51.71
0.174107520152678 0.359538130334051 9.53923896047485 -86.155 47.24091 52
0.206494372630061 0.376668987593271 9.92474998545883 -85.74953 61.34536 52
0.19523996593204 0.391689853375988 9.7934624082465 -85.4086 70.98697 52
0.225884006288925 0.374420894268396 9.78240022798901 -85.79932 59.93494 52
0.170056197413389 0.37717591728532 10.1006744651523 -83.83999 62.7697 51.71
0.170030984397178 0.376315621143396 9.68429555970821 -85.7585 61.62088 52
0.255759920934376 0.333786714898222 9.58285301990933 -86.69599 16.64071 52
0.156638218394633 0.325848117103295 9.2815739905466 -86.744784 9.611423 52
0.257933499426372 0.378213922208114 9.65156468424552 -85.74953 62.00144 52
0.166474586981757 0.38237101551746 9.62882775509898 -85.57618 67.04492 52
0.16554377499051 0.372753151598858 9.46026167364027 -85.86386 58.62874 52
0.305374112976703 0.374212819161421 9.66491239769409 -85.86386 58.64228 52
0.180830609613129 0.386555078147512 9.84522797495379 -85.51164 69.10328 52
0.232755335318303 0.381235454868392 9.40410354136772 -85.70971 63.52968 52
0.175315034860529 0.373602775131939 9.59486196266601 -85.82749 59.95947 52
0.218777108752173 0.295368607141094 9.02659050059683 -80.660935 4.115843 51.191
0.187629285601494 0.385943283907457 9.69566359921386 -85.57618 67.38411 52
0.19227817385844 0.385617944955954 9.5520235492914 -85.57618 67.39606 52
0.175184265252912 0.395722825412133 9.72996824003115 -85.27507 75.42068 52
0.230343052377155 0.38821233132012 9.76738685869626 -85.57618 67.5705 52
0.237483391909967 0.377411480134184 9.78113934905145 -85.7859 61.62842 52
0.175659466840994 0.395164912469538 9.93094376678626 -85.34407 73.88406 52
0.187187042662972 0.393747258362513 9.78204292132556 -85.39386 72.75828 52
0.162093553628716 0.387434247990791 9.8846068806967 -85.52639 69.28451 52
0.259171271554369 0.379612755900496 9.58717287277894 -90.06257 63.47468 53.32
0.157924498151382 0.374737780490455 9.42674577325333 -90.25034 60.65312 53.55
0.205799252753319 0.389877089450394 9.74635206663128 -85.51064 70.04245 52
0.193890726685953 0.387543746231474 10.0299264485782 -83.69926 68.23968 51.71
0.276088336526961 0.379051249138391 9.67151829029705 -85.7585 63.37958 52
0.18551320555767 0.373221333471579 9.6949866241723 -85.90368 58.93355 52
0.159935383848148 0.387129394660119 9.81893654062704 -85.616 67.45454 52
0.156294360117568 0.394897127799424 9.88871658995227 -85.35749 74.35407 52
0.16811309204781 0.383168689156746 9.85664368317147 -85.68154 65.77739 52
0.168290416083479 0.392149869841655 9.81567519840261 -85.42203 72.92842 52
0.158357557661264 0.375802338546779 9.76808258016236 -85.86286 60.60108 52
0.223654066289244 0.396445451505454 9.80916768433315 -85.2885 76.40924 52
0.160659297811388 0.373235963184789 9.59124558482157 -90.23692 59.06716 53.32
0.15739251285921 0.386554654916918 9.81387082329497 -85.68054 66.16757 52
0.162782198365856 0.386142033185687 9.85693734791741 -85.616 67.98268 52
0.294648478295116 0.367878000929739 9.75376135322894 -86.086 53.55471 52
0.166979596732889 0.385036082515666 9.45776045276763 -85.64517 67.28628 52
0.302158928484631 0.373582545331976 9.73277700488163 -85.93185 58.86692 52
0.163681218755834 0.387747566512049 9.84804108230157 -85.57618 69.36749 52
0.219391901778709 0.388959061366604 9.92792179283471 -85.57518 69.4227 52
0.196021724386492 0.395871398200418 9.9324594681055 -85.38043 74.58697 52
0.181846944338836 0.38145080984268 9.74193077301313 -85.7585 64.78039 52
0.180663571791534 0.375566966349973 9.95605754522942 -85.93285 59.8165 52
0.25985338690873 0.386292210769635 9.75168056420428 -85.68054 67.44593 52
0.237808924280519 0.387791826012342 9.64696342928141 -85.616 69.21336 52
0.197740412600139 0.375732283508236 9.82623773250218 -85.96822 58.97126 52
0.188538580926848 0.379907101040071 9.33311182278112 -85.86286 62.57226 52
0.193571305945517 0.376219365874379 9.87273414214438 -85.96822 59.39161 52
0.215260806333359 0.379774611254669 10.03387891736 -83.95777 63.54974 51.71
0.232569168318222 0.403929071958633 9.95659729949489 -85.21053 79.79366 52
0.243471728142038 0.396052602694682 9.79623948736303 -85.45739 73.99706 52
0.219515128614452 0.36034245220389 9.76868172157756 -86.30915 47.93237 52
0.289281141011654 0.387120427539116 9.81128430891747 -85.616 70.01758 52
0.155622494366813 0.355794100921021 9.70379651531372 -84.54556 43.98668 51.71
0.16467691741235 0.367917897623196 9.907382077791 -84.25888 54.88546 51.71
0.197406621484135 0.39376958107233 9.94861657003612 -85.49822 73.38574 52
0.214493387204323 0.395412322634602 9.83860038388064 -85.49822 73.47142 52
0.188657615546105 0.38242479828383 9.87062020167922 -85.79832 65.42656 52
0.198401899585726 0.366690858445041 9.57893550958462 -86.19136 52.96898 52
0.173398903627798 0.3777866335855 9.71874942076454 -85.90368 62.34268 52
0.203550312549643 0.387785748570729 9.74869085914344 -85.68154 68.69301 52
0.221121475279807 0.375915225216759 9.79323009478319 -85.90368 62.49734 52
0.18366485472909 0.380528636669025 9.67365497342453 -85.79832 65.62618 52
0.168801492899494 0.373621988420883 9.81804682348256 -86.02147 59.09075 52
0.154648078660371 0.366942382556143 9.80197592884378 -86.15054 54.95495 52
0.176124694696251 0.371953958747574 9.88726130099347 -86.086 57.14237 52
0.210655236881384 0.409013943898147 9.93334731931531 -84.98839 85.81747 52
0.174179105641333 0.392436485377517 9.67965869688661 -85.57618 71.95155 52
0.170405444368693 0.389729512597773 9.91000489909577 -85.616 70.99607 52
0.177580398845868 0.373755094727806 9.8074927673419 -86.087 57.26383 52
0.331417059132447 0.374241704992648 9.74586251346821 -86.02147 59.50408 52
0.266495482084604 0.389176120261716 9.93085421037106 -85.7777 66.98045 52
0.297998484489684 0.315308841603098 9.27305324643258 -83.705457 4.595424 51.52
0.157622306839796 0.385147522220593 9.66530771150422 -85.79932 66.51822 52
0.269668401876333 0.373383131430094 9.8377397412344 -86.04618 59.18908 52
0.190931801975229 0.384725688865408 9.45773556326747 -85.79932 66.59694 52
0.171954511924674 0.390332919882259 9.69133863956253 -85.57618 72.65082 52
0.223852471482903 0.389839848898654 9.94285590935222 -85.616 71.64245 52
0.235662768829987 0.385696744160855 9.75692258347526 -85.79832 66.73772 52
0.186093068897386 0.323054137420603 9.24221215447551 -86.967928 7.867345 52
0.278964343764228 0.396239415980851 9.93655372212814 -85.59538 72.39514 52
0.249432774225875 0.378851074327023 9.91948528365395 -85.98164 61.60112 52
0.20650957443825 0.368041674681296 9.61333471720615 -86.20479 54.37933 52
0.162850519723061 0.392134082864456 9.8792221587741 -85.64517 71.23081 52
0.295205035086768 0.392652072481098 9.81348440571542 -85.64417 71.58951 52
0.240591729518734 0.37971959739568 9.32866309199858 -85.94082 63.48477 52
0.185629070298149 0.293552385287499 9.05500501065463 -80.91225 4.1899 51.191
0.161595575179321 0.367559784829514 9.7033069502331 -86.26833 53.26235 52
0.159792762904331 0.327020598414897 9.59880416327146 -83.735629 9.848576 51.52
0.157747165449115 0.388424027636852 9.58324736542804 -85.68154 71.06685 52
0.156058693160495 0.382581370302414 9.77768410042579 -85.86386 66.25159 52
0.209068463621256 0.380487922971682 9.69076515014075 -85.98164 62.99323 52
0.210311465724133 0.308186128011862 9.30607679114419 -80.933869 2.625903 51.191
0.189115094277698 0.318959791554475 9.51106841810495 -80.933869 5.201914 51.191
0.187566012322547 0.369020849579643 9.74375534600514 -86.26933 54.00758 52
0.250539093231197 0.380219015087068 9.73294322424732 -85.98164 63.5037 52
0.184474210105181 0.380091691981296 9.88257052670188 -84.07555 64.50187 51.71
0.169510214679547 0.381174304674275 9.83562304699354 -85.98164 63.72527 52
0.164822561496874 0.389108637501691 9.7742313345259 -85.79932 69.20395 52
0.167812628241569 0.365506586037523 9.43433690355206 -86.33832 52.58014 52
0.279249052890115 0.385960018886114 9.80425772308427 -85.86286 67.73618 52
0.109910260966878 0.376486688031469 9.70053133883819 -86.087 61.40976 52
0.368095778617077 0.378357591482169 9.77444812471525 -86.04618 62.74579 52
0.120202568911068 0.376818123038298 9.70211374276663 -86.086 61.67762 52
0.186929113472987 0.386196656063477 10.2872765001979 -84.00756 67.76677 51.71
0.110482395359826 0.383892997626165 9.66465473233467 -85.93285 66.34039 52
0.124398408887925 0.393540562457276 9.78975775522984 -85.7859 70.44113 52
0.105857604814853 0.368785998991296 9.68366446624367 -86.2965 55.20712 52
0.199473781132768 0.386598883322609 9.81062402939073 -85.86286 68.62858 52
0.165187132889622 0.383306878449177 9.62151763899267 -85.98164 65.54082 52
0.130868682306568 0.389284400866048 9.79521632618832 -85.86286 68.97984 52
0.112494245608102 0.409224158884428 9.87428311046036 -85.06535 88.00627 52
0.111007329521409 0.375566084395483 9.69644301810091 -86.086 62.89091 52
0.124555494464157 0.398403658346235 9.97898799165274 -83.70646 76.32431 51.71
0.112096582444429 0.39602358759953 9.82421067493134 -85.68054 74.05192 52
0.108859444636096 0.367165236203746 9.50137933751829 -86.38711 53.50308 52
0.118018531097106 0.371136765595095 9.60737402308072 -86.26933 57.52733 52
0.192880696217039 0.373955479601105 9.52447579101059 -86.20479 59.71969 52
0.104866443757246 0.380877862257348 9.7476875796478 -86.02147 65.42562 52
0.109264931583326 0.38749744389197 9.79443743306001 -85.9161 68.50463 52
0.109702568155525 0.382532153458038 9.74569562397208 -85.98164 66.69376 52
0.106638082894204 0.388298715083323 9.70074417617828 -85.90368 68.93646 52
0.109372465341873 0.400653446363321 9.81447994623512 -89.88024 78.39356 53.32
0.146847505485902 0.394459041348955 10.0075716526194 -85.74953 73.38163 52
0.115390120358328 0.384469786234256 9.78701192542039 -85.98164 67.24584 52
0.104442035389728 0.403418535105808 9.97291751618682 -85.49822 79.61665 52
0.160167925344618 0.367268504941142 9.4950168455719 -86.49147 51.30163 52
0.119659589597797 0.388014776618031 9.78049555186618 -85.90368 69.62969 52
0.106511103641306 0.381012851201865 9.72429589988173 -86.087 64.70021 52
0.174083154571288 0.37985886546943 9.55787341087355 -86.11518 63.95559 52
0.389915244056824 0.378843697358574 9.74206236646362 -86.18417 61.95612 52
0.123774273910085 0.410555777686478 9.95048362598961 -85.23871 86.04964 52
0.108816261979661 0.367291143592835 9.99427430103481 -84.59535 53.30484 51.71
0.111176161593498 0.353079807472506 9.66148620777383 -86.80035 39.57897 52
0.127189970900573 0.378932974177322 9.8389848634483 -86.19136 62.20537 52
0.111123059391653 0.386803343071969 9.90167022735165 -84.14109 67.41504 51.71
0.115074740685699 0.384519874162826 9.78088648836449 -86.02147 67.16546 52
0.184934957326051 0.377334584497317 9.74013925847983 -86.26933 60.10095 52
0.134585157875888 0.36021538195659 9.61105057294568 -86.626 47.66546 52
0.116629825370879 0.382797846740311 9.82111290557607 -86.087 65.60452 52
0.104908585878246 0.384822767780693 9.82252194543285 -86.04618 66.85976 52
0.113210629484779 0.379258629790925 9.69315033180565 -86.16397 63.82336 52
0.129277604752489 0.385338191212003 9.75381036409928 -90.39007 66.52915 53.32
0.175046894970423 0.37927680212998 9.8901280128828 -86.16296 64.11248 52
0.109718430227503 0.367346380615104 9.74239276854137 -86.49147 53.84706 52
0.104603597257744 0.36940914963943 9.84944152677606 -86.44268 55.57918 52
0.119220064936661 0.39386216047347 9.84298005482689 -85.86386 72.79573 52
0.118517420126827 0.398528832357112 9.82534990455151 -85.7859 75.08416 52
0.236602489773723 0.31389263526427 9.25120495476678 -81.197158 3.542914 51.191
0.111843486522821 0.383608738086217 9.6894553224276 -86.16397 65.15135 52
0.108296055493573 0.377901803990228 9.78445427212222 -86.26933 62.12378 52
0.149394594796238 0.382063494188285 9.75652102332574 -86.16397 65.24285 52
0.103920875301292 0.394342047918275 9.7250486135935 -85.86286 73.40819 52
0.120754235870613 0.385039227705632 9.82504963761641 -86.087 67.61624 52
0.141101835583352 0.300301132442964 9.29845033265697 -81.22055 3.191419 51.191
0.335435280355096 0.385122590538326 9.82107615816772 -86.087 67.77352 52
0.106964804172201 0.391141341926662 9.88748353541644 -85.98164 70.69244 52
0.118456442475619 0.381024570620779 9.71856474417456 -86.20479 64.59207 52
0.128973995699384 0.294644394759891 9.03211504610299 -81.23197 3.25345 51.191
0.153274243831902 0.376092583273247 9.43570269842081 -86.33732 61.04324 52
0.165660745419283 0.386159599281631 9.73879679568509 -86.087 68.3883 52
0.176304414989872 0.40715018889319 9.96338482272563 -85.39286 85.37897 52
0.192969643343052 0.300375083471008 9.06341788558947 -81.248721 3.352618 51.191
0.176610604531921 0.389760050148178 9.56139402805364 -85.98164 71.39282 52
0.116967802785329 0.398496835784828 9.9659107327773 -85.7859 76.50041 52
0.159785185200477 0.38489319804662 9.6421355311267 -86.15054 67.00052 52
0.104870736402421 0.390503300196925 9.92858375338228 -85.98164 71.98063 52
0.133124052001805 0.400616795468105 9.90229793600051 -85.7777 77.17297 52
0.196338430456742 0.381627929865493 9.73247258084288 -86.26933 64.12494 52
0.114444323302171 0.360778329762909 9.76460041566532 -86.74278 48.35313 52
0.144706900406544 0.370753873128734 9.79797647372347 -86.49247 57.34912 52
0.139263580061524 0.378876001539745 9.82427777533558 -86.30915 63.09711 52
0.135233772347219 0.374156450451977 9.76999286013651 -90.76914 61.25007 53.55
0.174441375799888 0.39081561815369 9.84907828906285 -86.04618 70.93753 52
0.114724653216598 0.373256013332787 9.90404900594226 -86.47905 58.57425 52
0.110195156523241 0.395749487981035 9.85069633931879 -90.28571 73.24558 53.32
0.10829299485638 0.380254304849456 9.80692535260004 -86.37369 61.98088 52
0.104315170502803 0.379634573434039 9.27077500068779 -86.2975 64.26423 52
0.176661883801726 0.382747722983052 9.61613709231962 -86.2975 64.32359 52
0.126546556122615 0.386766519788335 9.90411503020352 -86.16397 68.13312 52
0.10767807703386 0.391954951943045 9.83350364775811 -85.98164 73.09007 52
0.128731754211089 0.387323191516306 9.81299740336135 -86.087 70.36762 52
0.122726880422149 0.388635081565001 9.68941372186728 -86.087 70.4371 52
0.0852293425838163 0.385232414683878 9.92645203446161 -86.19136 67.63623 52
0.082601301951454 0.379707012716822 9.81116467056745 -86.37369 62.46835 52
0.0745629048907379 0.310702581409521 9.34133234411547 -81.338333 2.559168 51.191
0.0744373079588218 0.38283321767736 9.81186396617944 -86.26933 65.77864 52
0.0823897949415723 0.307502117995346 9.16105981287476 -81.341659 2.566436 51.191
0.412174144562621 0.397303305456595 9.96441830650148 -85.89203 75.99322 52
0.0929474712300259 0.385676194729178 9.71026814480397 -86.19136 68.20249 52
0.0949899311163681 0.38063661237641 9.4829895458761 -86.37469 62.95964 52
0.0951917549090058 0.404807718789571 9.88558294479418 -85.57618 83.43542 52
0.0744256194438074 0.391487565992517 9.68026389895183 -86.086 71.21437 52
0.0791433998178258 0.398392441719076 9.95270064399505 -85.86731 76.90551 52
0.0753697966552352 0.365827205982446 9.43851171306778 -86.67479 53.67724 52
0.0745640839813048 0.33786857875197 10.1284807527524 -81.2363 21.56069 51.191
0.103482758713617 0.372199308423596 9.89204956887869 -86.56046 57.76054 52
0.0826805391534463 0.315351102436468 9.13100551425456 -81.368505 3.973132 51.191
0.111784440411221 0.383142932602208 9.69025278700743 -86.26933 66.64567 52
0.1228829196523 0.379191831756673 9.4785071575948 -86.45165 61.60504 52
0.0779980292789167 0.383050560249982 9.82395866654625 -86.30915 65.95077 52
0.102672590469675 0.379879843767874 9.76982425750383 -86.38711 63.68715 52
0.0786383762053797 0.315025044802394 9.17899292606817 -81.39145 3.619011 51.191
0.142739059347755 0.368936253810474 9.73713618317591 -86.67479 54.94337 52
0.076152150743971 0.311963693539431 9.09103188086207 -81.403872 3.163264 51.191
0.089833478758856 0.390272287867157 9.88487354408169 -86.19136 69.68739 52
0.0845267039973191 0.386007937630428 9.98189028645076 -84.36324 68.71905 51.71
0.126869449530856 0.38697174474059 9.72440766904843 -86.26833 67.66406 52
0.073817079593849 0.372863762525062 9.74693229084683 -86.55701 59.11645 52
0.134582623631486 0.389735069330309 9.79080335764156 -86.19136 69.94086 52
0.0770419241948943 0.362241008711668 9.69626561976294 -86.84814 49.14976 52
0.0816433974074995 0.316320462938283 9.21489099916885 -81.423075 4.632976 51.191
0.154716948924641 0.376975980242362 9.89346977063751 -86.49247 61.61789 52
0.0782428915675845 0.367164516171103 9.63713012898734 -84.88649 53.54233 51.71
0.13563446040128 0.379374769130325 9.71748580358618 -86.47905 62.2241 52
0.0813503194953178 0.371757424672598 9.49344475996532 -86.61025 58.18206 52
0.0770292634943843 0.353841524389638 10.1782979136416 -87.01904 42.8766 52
0.085070034515967 0.333533774741996 9.3961662249726 -87.44371 15.74394 52
0.0816385313358867 0.415094940633247 10.0300744271937 -85.08456 95.59656 52
0.157021440725816 0.366616499941194 9.60519018292108 -86.73036 54.56483 52
0.0976760592723916 0.390661300193191 9.87052669621539 -86.19136 70.82493 52
0.0842701078520438 0.375872338662563 9.60216861364151 -86.55701 60.35777 52
0.185377593799869 0.372584346419137 9.78562730943709 -86.61025 58.72824 52
0.0774678871372508 0.378972749358449 9.8453043412254 -86.49247 62.54703 52
0.124484944369259 0.313333500918197 9.08441480335791 -81.45944 3.62576 51.191
0.0787655778268227 0.377321935860389 9.30468549177063 -86.52064 61.89112 52
0.126700771131048 0.392501785633083 9.87077994251812 -86.086 74.05169 52
0.0784181746844593 0.385568557381895 9.88924203134968 -86.30915 68.37692 52
0.0788667386676807 0.394689370858005 9.79354824617678 -86.086 74.38524 52
0.0737200906045021 0.36136236840019 9.83917842235872 -86.89793 49.71539 52
0.0735811221956212 0.381332872270165 9.6818601930506 -86.49247 63.44463 52
0.0737554891895438 0.369018936782836 9.59817772172849 -86.78015 54.24753 52
0.135572295486051 0.376744652697935 9.80863979062411 -86.59683 60.32159 52
0.0742422355036388 0.372472521842872 9.57264522162435 -86.67479 57.87804 52
0.0739742946301763 0.382012425151405 9.80397547426129 -86.38711 66.67355 52
0.118947127355693 0.405780762036618 9.94052183317615 -85.79932 81.59893 52
0.173860375578401 0.389046977280791 9.92489557379612 -84.47657 68.03381 51.71
0.123659127326807 0.372755402343757 9.48403399687918 -91.07702 57.22555 53.55
0.0979788132545898 0.382177274385336 9.73642865065325 -86.45165 65.02704 52
0.0845733683957793 0.349625351905555 9.70850496038036 -87.24219 35.23175 52
0.147201363263082 0.376849166679656 9.64485118347155 -86.55701 62.0847 52
0.0777147946345326 0.383600451818635 9.88482323041758 -86.42693 65.95053 52
0.104539974519552 0.395331509428386 9.91607797879258 -86.19136 72.38023 52
0.0776948903211895 0.380375830781934 9.74626395677483 -86.49247 64.20387 52
0.162632531825772 0.300014683190644 9.09723815197894 -81.52065 2.39209 51.191
0.0816196747544906 0.391261847217196 9.73563882292978 -84.36324 71.53957 51.71
0.0976261582487458 0.38994778285767 9.88792417316244 -86.26933 70.51247 52
0.0841667109153533 0.396784485528321 9.88728943240735 -86.087 75.49732 52
0.133384116541212 0.351619559826604 9.58146493255369 -85.34407 39.1303 51.71
0.172208232165047 0.382618539153403 9.77803082757022 -86.44268 66.46998 52
0.0788515204899527 0.395876290089057 9.85952295926204 -86.19136 73.25 52
0.0819765152787198 0.385638569585998 9.59298865832863 -86.33832 69.42313 52
0.079104224536646 0.379586112628045 9.63387904991505 -86.59683 62.07311 52
0.0865602852131143 0.374847026888016 9.92011055159103 -86.67479 59.8908 52
0.13249259938267 0.373897678749269 9.72145731945061 -86.67479 59.99867 52
0.0760914798299439 0.379546351936641 9.69360069039558 -86.55701 63.6199 52
0.101511810093755 0.382232308267879 9.26863305282063 -86.52064 64.81732 52
0.076430531022575 0.39135867384099 10.6368314938224 -84.43743 71.21815 51.71
0.122229979380766 0.387470324890617 9.69663042728194 -86.38711 68.94712 52
0.131584963264544 0.396932078059057 9.7970847324045 -86.15054 75.32289 52
0.0991909313901069 0.395264345728119 9.92145982335574 -86.27278 72.35519 52
0.0911678092316134 0.376913155600362 9.79998991729574 -86.67479 61.14286 52
0.0802027650664236 0.374024106452985 9.73787624765202 -86.78015 57.94512 52
0.0744878680722135 0.358125583385713 9.88106380423057 -87.10765 45.99478 52
0.0877068962323876 0.367325145794949 9.70830975938186 -85.06535 53.86497 51.71
0.0800044659048447 0.364215001872348 9.71163182641741 -87.00229 50.75596 52
0.118602250845758 0.389913327204961 10.0107923880215 -86.37369 70.68888 52
0.159711664041471 0.388435386248546 9.85049886137997 -86.47085 68.05102 52
0.0841552295701901 0.38490025587774 9.66355530340251 -86.49247 67.51854 52
0.0817504363861114 0.403770864105918 10.162811424991 -84.07555 81.31244 51.71
0.083846530959335 0.317760684508957 9.26002668265144 -87.697443 4.164746 52
0.0775099913705466 0.373618032519424 9.68916169277187 -86.78015 59.365 52
0.0803236493834912 0.412353859128931 10.068111687434 -83.69481 89.79922 51.71
0.133458385524046 0.397007335568649 9.73442134160674 -90.50885 75.61925 53.32
0.0709823776455744 0.366737781827797 9.68547485080928 -87.00229 52.0373 52
0.166285364819871 0.397950723145391 9.97236781431109 -86.19136 76.24344 52
0.0719680761817969 0.390640443088449 9.9234461365129 -86.44268 69.85559 52
0.0802446532152032 0.385885921982141 9.76934015079675 -90.79653 68.20806 53.32
0.0885672244631413 0.350472077580847 9.40749553285408 -85.52739 37.4276 51.71
0.0757389845065836 0.405186041464944 10.0557110940464 -84.12535 81.44576 51.71
0.112292963105317 0.369801928276525 9.50240583892679 -86.89793 56.86226 52
0.119919449822436 0.312907433006679 9.35186766505906 -81.710757 2.501121 51.191
0.105562195714982 0.297342776276817 9.31907023587017 -81.718725 3.790796 51.191
0.105975611633892 0.38217680066422 10.135452422156 -83.39138 64.84085 51.52
0.0720028159627894 0.340605787078251 9.5639108569652 -87.61128 24.68367 52
0.0657703396560506 0.374617246676827 9.86491684490457 -84.90223 62.15517 51.71
0.118676084725645 0.378318980821231 9.71260779022434 -86.78015 61.53338 52
0.0677214951460413 0.394637621676448 9.98424433316068 -84.54556 72.09661 51.71
0.0907525605985296 0.330872203301562 9.36260374675878 -87.73626 12.87676 52
0.0806278152382736 0.378203529437741 9.72066716196207 -86.77915 61.75777 52
0.067497573395954 0.379504114288075 9.5056976915431 -90.97886 64.39306 53.32
0.0773429997855055 0.385695257511947 9.85678758942629 -86.59683 67.29076 52
0.066918025403498 0.390021063917186 9.79178237748812 -86.49247 70.17409 52
0.0694607923220785 0.342482048949036 9.49267629202612 -87.61128 26.30466 52
0.0777950679226871 0.337504769285065 9.41646007977615 -87.68402 20.46665 52
0.0701149392072248 0.377000335235119 9.81151046333682 -86.77915 62.24342 52
0.0771701226514747 0.398726026900272 9.97873194679595 -84.41203 75.96245 51.71
0.0968995129386181 0.368288065140269 9.650093328207 -87.00229 55.11323 52
0.141362372494718 0.322548561163246 9.3218089251193 -87.794606 7.084001 52
0.103190279909407 0.403169256365335 9.88662482254621 -86.05064 81.7119 52
0.0945979687391008 0.386261547802112 9.83571084705888 -86.59683 68.13324 52
0.0657529304777749 0.370204383511316 9.7549216577205 -86.96247 57.60195 52
0.102076316026454 0.399330859249983 9.96609823161756 -86.26833 77.29565 52
0.070774976252118 0.384492590021026 9.3178947622436 -91.05682 66.61351 53.55
0.0655771889390203 0.372008955727746 9.76215734323455 -85.10517 58.42853 51.71
0.0789781156363813 0.374944854804156 9.67929366409983 -86.89793 60.45577 52
0.07015376510789 0.383329545780693 9.76592126042868 -86.67479 67.25691 52
0.0951209469331909 0.393257554327007 9.87088748943153 -86.55701 70.56306 52
0.0665534931359257 0.323479624140435 9.67043885876995 -81.810338 8.468415 51.191
0.0667356358736087 0.38495241210124 9.5105541395695 -90.97886 66.80222 53.32
0.0695855405396753 0.374355023708404 9.79063097117162 -86.96147 58.90955 52
0.0787253043768155 0.356522927204275 10.054265102084 -87.35997 44.30374 52
0.0669205925419373 0.396823700367283 9.79255745810834 -90.72035 76.72999 53.55
0.166587338811579 0.405408888395491 9.9088071059433 -86.087 82.47053 52
0.0658250116416095 0.382146905502023 9.85155373518132 -86.77915 64.79901 52
0.0666921711544665 0.325431765745418 9.77071418980545 -80.150109 9.630249 51.02
0.0719173131960117 0.379525330768405 9.94091796164147 -84.98739 63.04832 51.71
0.0702994500876071 0.335074680487122 9.3735976835584 -87.81423 17.02986 52
0.0692967646102356 0.375389712649923 9.3304129005437 -91.202 60.6307 53.32
0.066860530109314 0.376669229403003 9.8896418794597 -86.91268 61.33385 52
0.0615243396555352 0.359758089774917 9.59848550486738 -87.28998 48.31033 52
0.0607246376408273 0.39564939247703 9.79607271627889 -86.49247 73.33025 52
0.0603556903520243 0.315660467654419 9.28408341629167 -80.2009 4.508535 51.02
0.0572347195883176 0.308439802771164 9.4427917427036 -81.87733 2.77014 51.191
0.109662652612529 0.37119191999319 9.80050255520012 -87.06783 57.16495 52
0.110977232702015 0.301546013320516 9.05974194805687 -81.893078 2.408234 51.191
0.107547778985496 0.316643174244358 9.30596954565322 -81.894079 4.599016 51.191
0.0585375057650784 0.37011257074733 9.60718179169522 -87.08026 57.1143 52
0.0701746489919358 0.403032192377437 9.96491331162795 -86.26933 79.71732 52
0.0715993397927466 0.395871455938478 9.82704435309645 -86.49147 74.32272 52
0.0593223500325169 0.37849675179901 9.84667888112425 -86.88451 63.58446 52
0.0680437428071578 0.380730640975094 9.81381938056706 -86.89793 63.19295 52
0.168199825080887 0.399990883824914 9.88335887924237 -86.38611 77.02597 52
0.109408555290885 0.391351994374057 9.54332862018522 -90.8735 72.12996 53.32
0.0761403423402405 0.373809981551028 9.65045026719048 -87.00229 60.26261 52
0.128696522638284 0.386480727239841 9.83928512916016 -86.67479 69.87808 52
0.0889709169662168 0.366897859825846 9.77499192675399 -87.18562 54.44355 52
0.0563657261020287 0.381416884804056 9.84127614439464 -86.85711 64.91995 52
0.0623820520243333 0.356123878826173 9.74559141904764 -85.616 44.27959 51.71
0.0621683031986886 0.383883095634622 9.63310009054897 -86.78015 67.3053 52
0.0596571662548393 0.385637038478212 9.76219803905293 -86.77915 67.37811 52
0.0989178585014314 0.3764326020038 9.55687847101011 -87.00229 60.82104 52
0.063179055505631 0.381408069994673 9.75813205007427 -91.15221 64.63904 53.32
0.0570339936464942 0.371784579328697 9.6968600521318 -87.12008 57.1787 52
0.317060281984449 0.387430988167698 9.71503423170762 -86.78015 67.61831 52
0.0564945103053486 0.301236461287504 9.12278972757036 -81.953519 2.227333 51.191
0.0517103700861314 0.402628456829057 9.87222579565773 -86.26933 80.74852 52
0.0481056432437197 0.393496085789589 9.74525921826521 -86.55701 73.72572 52
0.133501053889269 0.382487545335323 9.81903487321112 -85.01656 65.33073 51.71
0.066933829956363 0.386866707831317 9.69098680860164 -86.67479 70.74404 52
0.0527814790391251 0.318981539683959 9.3845087595886 -87.985125 5.704893 52
0.0588972553697391 0.318300715344415 9.62474888330192 -81.969267 5.556095 51.191
0.0678520183541515 0.369712684459916 9.46027804313278 -91.45331 55.66749 53.32
0.0642688943248877 0.378469206179075 9.76927554845791 -87.00229 61.96883 52
0.0474548213184498 0.378513008836976 9.81943985905519 -87.00229 61.97154 52
0.0526540100654908 0.394195451520475 10.3166101308208 -83.34359 72.79576 51.52
0.231195119250466 0.407601292901643 9.93744857124911 -85.98164 87.74833 52
0.0499727978111034 0.305205680611785 9.38009648934731 -81.98269 3.487013 51.191
0.0541493689388091 0.378890024992132 9.71453697053927 -86.96247 63.40952 52
0.0635322706844371 0.379737367316252 9.77620231894678 -86.96247 63.45939 52
0.0816178101280085 0.308535764118488 9.11565423424951 -80.324462 2.461523 51.02
0.0479317731714918 0.383050227875784 9.81196672538647 -86.85711 66.58625 52
0.0502957718001913 0.386243946504581 9.90705444377015 -84.95102 68.1422 51.71
0.0473862419171215 0.374843447105946 9.62925712885445 -87.06783 60.58711 52
0.0779962074670064 0.293408002942773 9.10519961850977 -82.004635 4.290486 51.191
0.0766581549805111 0.386931545843822 9.70911209558568 -86.88451 66.33064 52
0.0480970787771426 0.318754195729787 9.52569437138445 -82.011862 4.984948 51.191
0.0506753542515931 0.419621690272994 10.1835829525559 -83.44795 101.2368 51.71
0.0601773622047782 0.381692994389845 9.90444896103887 -86.89793 66.11666 52
0.0571756730056211 0.312440014945041 9.07538882944311 -82.019058 3.158451 51.191
0.0497842060630505 0.391112602480013 9.75241024939959 -86.67479 72.29154 52
0.0490358622225858 0.306005991897474 9.34295698176716 -82.023837 2.251924 51.191
0.0583014895751019 0.390610203017519 9.92784323425754 -84.90223 70.33451 51.71
0.0485010128172632 0.301856154725236 9.02083919087516 -82.03048 3.342183 51.191
0.0611925210447981 0.349742053916439 10.3279898164325 -87.67682 38.29418 52
0.0981601412934421 0.362310810972456 9.67989643650432 -87.4733 47.41809 52
0.0558644296565374 0.393903304785026 9.82243617966756 -86.59683 74.78322 52
0.0678523802046154 0.371395017093432 9.74914063010487 -87.18562 57.98879 52
0.0838889467004384 0.372636231386089 9.72423254947259 -87.18462 58.02394 52
0.09740276984668 0.36224145653578 10.5944894908517 -84.17991 49.58736 51.52
0.0423698178991346 0.338916106282592 9.40920313712712 -87.93533 22.4884 52
0.0420115642219626 0.387923193524316 9.71772109561759 -86.77915 70.39498 52
0.123353717229362 0.307939010050787 9.27534027075752 -82.060652 2.173951 51.191
0.106554417827032 0.392367308780225 10.8635248859514 -83.47334 71.68221 51.52
0.0475385756830047 0.37426137078065 9.67260616170838 -87.18562 58.9051 52
0.0657817158506992 0.374632203343157 9.59646481334931 -87.14479 60.2237 52
0.0576664045349803 0.401277490854471 9.90003005901361 -86.49147 78.25588 52
0.177554430684966 0.369412222350359 9.64406367910077 -85.46185 55.25611 51.71
0.102023472431339 0.395140007004697 9.88687651250745 -86.67479 73.87262 52
0.0459096676404395 0.374185273951492 9.6430806647067 -87.18562 59.32931 52
0.0489524826954319 0.383695816308488 9.76642428402556 -86.96247 66.47657 52
0.032813884714175 0.375419658962809 9.704817950336 -87.17219 60.47157 52
0.0316468252605895 0.391771949680274 9.70023257968854 -86.77915 71.88539 52
0.031742986143156 0.389903232845827 9.6518240840082 -86.88451 69.077 52
0.033764140728896 0.374010386007719 9.77656214294501 -87.18462 60.35119 52
0.0698703824727067 0.385708842103126 9.68950546949462 -91.16118 69.13275 53.32
0.145342388009915 0.367428256544602 9.61197800230801 -87.36794 54.36416 52
0.0540524302221524 0.393109623221118 9.90173030596812 -86.67479 74.78291 52
0.0317203857152445 0.390958522371953 9.74507471040738 -86.78015 72.15066 52
0.0320364408986148 0.382745083780195 9.45100440456889 -91.23017 67.27147 53.32
0.0339572854558957 0.375426103701751 9.54082638369886 -87.21379 59.73714 52
0.0362852589275801 0.369131117625929 9.90250567009084 -87.36794 54.698 52
0.0336372078524662 0.396952558315519 9.97556011094967 -86.67479 75.05065 52
0.0690421410214345 0.390699353156418 9.89936282864738 -86.77915 72.47908 52
0.0335502736322446 0.375796557883769 9.77123344540674 -87.18562 61.05764 52
0.101796301275825 0.37630457295284 9.74995240888211 -87.21379 60.22378 52
0.0989716792311153 0.346647102698763 9.63594904668301 -87.90616 31.4296 52
0.0325043211502494 0.369657514887687 9.67550020133042 -87.36794 55.33363 52
0.0478055137081804 0.378024289922554 9.81142385245678 -87.18562 61.34404 52
0.0319347408405944 0.374026663863973 9.40374233314101 -91.56664 57.63927 53.32
0.0318478568342265 0.388722146347433 9.85909079191835 -86.88451 70.37742 52
0.0292902759938353 0.401780262791946 9.9124289317575 -86.61025 77.58116 52
0.0323869016505094 0.391036393875302 9.91177957748068 -85.04064 70.63786 51.71
0.0289167275938215 0.409357777781285 9.97402243115466 -86.20479 87.17507 52
0.0426246763465703 0.38303495379047 9.73309769576871 -87.08026 65.71634 52
0.053276434248026 0.320372775360756 9.36471330557519 -82.188957 6.361057 51.191
0.0605521494985985 0.303771553933332 9.60722659299805 -82.200379 1.752135 51.191
0.111378634757458 0.384599783798283 9.91712791400094 -87.06683 66.43293 52
0.0404649942152921 0.397149298530256 9.87138931373483 -86.78015 74.18608 52
0.125888717336762 0.377935255014034 9.64302640891079 -87.18562 63.03571 52
0.029221959460714 0.311454484952959 9.19634929918275 -82.214803 2.565112 51.191
0.0450760981998474 0.39417930377104 9.86235037498493 -86.78015 74.3651 52
0.0395815114859785 0.33856823817388 9.38472251331638 -88.10191 22.16769 52
0.0313708120043128 0.299855980438545 9.36761893580495 -82.219581 3.908666 51.191
0.0308541129495036 0.366612277542508 9.74376201927481 -87.43693 55.25138 52
0.188079076845416 0.414627450273113 10.0264900818385 -86.04518 91.27097 52
0.0369619868490557 0.386934978572733 9.76707411340948 -87.00229 68.71926 52
0.0290886228221456 0.369874919962707 9.74171081789313 -87.35451 58.24058 52
0.0305212879080088 0.317044005217272 9.30678802337369 -82.231551 4.473435 51.191
0.0334877828852412 0.392402846714044 9.76427862873492 -86.78015 74.82357 52
0.0401346482096235 0.381649393722331 9.75445602236686 -87.14479 65.03762 52
0.0883060725087417 0.374674375967234 9.76903302587832 -87.3034 60.32107 52
0.103269440242517 0.379310493311942 10.0136924198717 -85.35303 63.73783 51.71
0.0320641478876799 0.376029336245403 9.79693359540341 -87.28998 61.0053 52
0.0347861700267682 0.334895156670488 9.4597825889993 -88.18665 17.05453 52
0.0343841517967804 0.371143734979662 9.56483392045084 -91.672 56.71313 53.32
0.0336624789389255 0.398514892352771 9.83263112406455 -86.71461 76.97475 52
0.030404801372821 0.392465754748436 9.77676991064523 -86.88451 72.67876 52
0.0523188968280683 0.381797348027184 9.87721080679881 -87.18562 64.38027 52
0.0304979156604689 0.370042418037362 9.72361609992577 -85.60435 56.3831 51.71
0.0386506965162329 0.411627758155233 9.95238954065187 -90.50885 88.93862 53.32
0.0299911986171872 0.393222793699232 9.77969267344604 -86.96247 70.98956 52
0.0581933744335939 0.386769414144067 9.76857963260214 -85.24767 67.49101 51.71
0.0321729837505868 0.376937587832058 9.83483041691316 -87.3034 61.34111 52
0.0301379799627367 0.386103190826865 9.49026659975569 -91.3435 68.17035 53.32
0.0347226740937074 0.371628571608107 9.74476578003216 -87.43693 57.36987 52
0.0303436946931182 0.3764309087563 9.80694152752231 -87.28998 62.14614 52
0.0297175422682943 0.386908494280523 9.82336266833723 -87.12008 67.2492 52
0.0313921918709542 0.365708930581323 9.68067092590815 -87.59108 52.3124 52
0.0300987412825125 0.367228019741268 9.70872503714677 -87.59108 52.47921 52
0.0878748981042059 0.401186784369023 9.8539628000508 -86.67479 79.10422 52
0.0289184863559609 0.303780008678917 9.27003904056564 -82.309193 2.957666 51.191
0.0325884158342935 0.387319030629054 9.77328212813624 -87.08026 68.73673 52
0.0348492477867563 0.301767742210155 9.1274912226701 -82.319163 2.726774 51.191
0.028896240299768 0.382998112359551 9.82685901496748 -87.18562 66.16355 52
0.0295446419561328 0.376658777739264 9.72614364035818 -87.36794 60.79818 52
0.0328484408971988 0.381732571449786 9.82191453281257 -91.48968 64.93192 53.32
0.037172703082664 0.411041078051696 9.98639080660168 -86.37469 86.49425 52
0.0291460001483035 0.313084912192017 9.32378788140677 -82.334911 3.454006 51.191
0.0331653726700661 0.384783908963731 9.59860391152512 -87.18562 66.54143 52
0.0372704951603076 0.385675815920815 9.54339452138819 -87.14479 67.74605 52
0.0292311536660755 0.370506651584713 9.50419206164232 -91.78979 55.39474 53.32
0.0294720354501095 0.395644636962726 9.88231027383393 -86.89793 74.51436 52
0.0470062534356021 0.394961210045641 9.74969465829004 -86.89793 74.82453 52
0.0291373811017315 0.390680258189877 9.67535383764514 -87.00229 72.25456 52
0.0301040518983599 0.374880015688091 9.33879622915966 -91.70017 59.21698 53.32
0.087387868758109 0.372888494573104 9.60581655530778 -87.4733 58.57741 52
0.0329630603358069 0.376179193364957 10.2579120314495 -87.42551 60.39515 52
0.0307173240028723 0.374067354369901 9.7743750534027 -87.4723 59.04047 52
0.0360926823990731 0.376009574734812 9.81406874951169 -87.40776 61.22521 52
0.0363912561949112 0.316849155318549 9.32150974562687 -82.387155 4.857141 51.191
0.0292540064538791 0.387842279921445 9.64299820964525 -91.38432 69.77441 53.32
0.121327793517824 0.374948015619639 9.73664192668062 -87.4723 59.63993 52
0.0310711374164656 0.396725765417233 9.88108688607315 -86.88451 76.13309 52
0.0323783775216476 0.385365730600077 9.68066064948287 -87.18562 68.24402 52
0.0519069251107902 0.310763446540826 9.15010224965673 -82.403904 3.536733 51.191
0.0317444411634738 0.39738946413279 9.80650583994426 -91.202 75.31278 53.32
0.0610694542353071 0.382284338728364 9.5485239108765 -87.31915 64.79776 52
0.0383719305506501 0.385384707729635 9.68247690979828 -87.18562 68.62964 52
0.0435724183928658 0.394075381058537 9.8004080803369 -87.00229 73.53854 52
0.0306055344400403 0.330325803500243 9.38585823244898 -88.37617 12.55848 52
0.0299161567543609 0.378626687351917 9.68400551216419 -87.36794 63.50814 52
0.0290228251037939 0.337390466560589 9.8671101866866 -88.30443 21.44986 52
0.0292190363105526 0.397429930535292 9.8394503772479 -86.89793 76.49534 52
0.0330158128884315 0.370204359077646 9.64958581162028 -87.59108 56.71075 52
0.0306401902914332 0.384349284239189 9.84460505412822 -85.39286 68.055 51.71
0.0552457018032612 0.307543348070707 9.5687610945719 -82.451694 2.535525 51.191
0.0286967157936881 0.401584125311792 9.80777573441337 -86.85711 78.01726 52
0.0300870738333568 0.380685656476357 9.73932996495991 -91.672 66.04264 53.54
0.0291162031871837 0.372210631124268 9.76077905102743 -87.57766 58.49763 52
0.0342001630414316 0.371893164311398 9.89190567904339 -91.84536 57.60203 53.32
0.0347000050658873 0.391790327846324 9.85402691591958 -87.18462 70.23519 52
0.0366601664398736 0.315648309979689 9.58018425174328 -82.479093 3.841025 51.191
0.0305033796877089 0.315198676371854 9.30883092767374 -80.828508 4.601213 51.02
0.0300165178552238 0.307607247231027 9.12755472300414 -82.492516 2.666536 51.191
0.182487759871861 0.315789453923293 9.48406164091795 -80.834287 4.253312 51.02
0.0305401215337453 0.39288272854155 9.85329745335254 -85.2875 72.20937 51.71
0.0340178001464784 0.357370298006027 9.58419562890326 -88.01129 43.467 52
0.0297450887373136 0.330976025235254 9.86298639659682 -86.627 14.93 51.71
0.0287828001878397 0.397382509119541 10.0671694624935 -87.00229 75.84268 52
0.0318449164936637 0.388994628158197 9.64966216092511 -87.28998 68.28006 52
0.107465606210761 0.386237866708377 10.4361699883284 -84.12912 65.95264 51.52
0.0295543503789826 0.378323458989906 10.2145153689481 -87.54329 60.94531 52
0.0323142011092673 0.310870970634493 9.05848033663089 -82.52169 2.80256 51.191
0.0371871205766455 0.373962166117224 9.83869967660396 -87.59108 59.59046 52
0.122017221874589 0.374124611923016 9.72950070265186 -87.59008 59.77519 52
0.0388713792081431 0.369708303616509 9.63431254210215 -87.72461 55.42159 52
0.12108986075098 0.393392213366305 9.67768297800192 -87.06783 74.71446 52
0.0687196156273158 0.391894913481332 10.311391589415 -83.97352 70.6536 51.52
0.0337165840708685 0.371270802814041 9.7022692105838 -85.82749 57.64183 51.71
0.0380885627331118 0.370372724738851 9.79889848339426 -87.69544 56.74768 52
0.0314985229729982 0.397809335892926 9.80498485091006 -87.00229 76.72848 52
0.0286954536222608 0.402233243373481 9.88062146166834 -86.78015 82.03634 52
0.0314958922480947 0.326211244521222 9.05825063096961 -88.52212 9.407382 52
0.0293921562722396 0.306842076008408 9.21890802230379 -82.558055 2.814334 51.191
0.0288748533591603 0.311296700556359 9.07249427573137 -82.558055 3.635638 51.191
0.0316664030602295 0.387938115613783 9.71969249727768 -87.3034 69.41974 52
0.0287210816684907 0.310891426003831 9.73792284159259 -82.569477 4.466755 51.191
0.0570983380559509 0.372244702310339 9.74689868631537 -87.65562 59.07127 52
0.0310440999854351 0.369192723536444 9.73313370104166 -87.7734 55.1894 52
0.0374333318567714 0.388495617605244 9.6739162517045 -87.3034 69.61719 52
0.0452984711516507 0.356569598242867 10.3723351556745 -84.87306 42.9667 51.52
0.03007568100489 0.31338381885213 9.24589877600033 -82.587226 3.677373 51.191
0.0334125473263808 0.408775494146459 10.0439338584137 -84.83324 85.00677 51.71
0.0291417464423114 0.320384400761223 9.41803014676153 -80.933869 5.729154 51.02
0.0318052233943143 0.391692699914078 9.65745870124867 -87.25015 71.56159 52
0.0327649781197045 0.389988533257374 9.77448062561147 -87.3024 70.2625 52
0.0296098308968806 0.343187292973665 9.84496189505631 -86.57721 27.63342 51.71
0.0301835983559961 0.379113157127787 9.74517791329765 -87.59108 62.21515 52
0.0337158977171385 0.37959503074989 9.67590193212347 -87.59108 62.40375 52
0.128741162192314 0.396653307529006 9.76605449179785 -91.3637 75.98773 53.32
0.0293267818549326 0.381367427444652 9.65503564744927 -91.78979 63.80442 53.32
0.0323504445077218 0.387447920828081 9.71972852755105 -87.36794 68.9854 52
0.0312483510580576 0.337171927566143 9.60810865552729 -86.68977 20.11146 51.71
0.0288064048903744 0.356717816844944 9.61503368413597 -88.10091 44.66284 52
0.0320595462398024 0.403285934360799 10.046604701163 -86.88451 81.49817 52
0.0370956999399392 0.350067840507291 9.44092187709028 -88.28423 35.95802 52
0.0313064312155611 0.292512004593048 9.40119053060646 -82.63502 4.94821 51.191
0.0296604693027176 0.39417821740707 9.89533330410225 -87.18562 74.30195 52
0.0345433654174501 0.297382003479721 9.1238357358619 -80.988438 2.669213 51.02
0.0317362164660032 0.375428610067284 9.74884169011462 -87.69544 59.8069 52
0.0290469304182511 0.40733661627113 9.88791313304545 -86.77915 84.11803 52
0.0344157021417912 0.342696670327924 10.0811766595808 -86.61358 28.09399 51.71
0.0555786884232686 0.382349097748783 9.81675130066858 -87.59108 63.44956 52
0.0392793760644265 0.3113730195511 9.360977392035 -82.660089 2.947665 51.191
0.0328894478328702 0.361438401906842 10.0520885201734 -88.02395 48.79986 52
0.0296727643083037 0.40892379854024 10.026698840032 -86.71461 85.96642 52
0.0363852485320041 0.403682443751301 9.96358447259609 -87.00229 79.37372 52
0.0378819511596541 0.389892503168115 9.75881099450882 -87.36794 70.06674 52
0.0297208740663438 0.374523683189271 9.55950072521 -87.72461 59.63221 52
0.0355540561919597 0.377106445372145 9.55174083278171 -87.65562 61.983 52
0.0307283180771148 0.29976330374236 9.00815880931951 -82.675838 3.211412 51.191
0.0325263027289249 0.382286113718549 10.041037858673 -85.7777 63.37107 51.71
0.0306338439270896 0.371397409215593 9.66100539068744 -87.7734 58.43908 52
0.0391238651189399 0.376240996290407 9.86014570902837 -85.86731 60.80171 51.71
0.0295677010408297 0.309757328507295 9.19079626841353 -81.037228 2.593563 51.02
0.0340096608357385 0.403417381685569 10.0352381366138 -86.96247 81.18461 52
0.0379437702026122 0.37270522844687 9.70534783631419 -87.7734 59.19593 52
0.0309261830400655 0.389904358713146 9.93477248770611 -87.40776 70.14469 52
0.0291612366780291 0.368772335167914 9.60461866527104 -87.87876 56.18334 52
0.0307827683442046 0.330497358471322 9.68954320059263 -88.6419 14.84998 52
0.0335844582828737 0.390070701456413 9.83553312768041 -87.4733 68.89187 52
0.0308368556080168 0.407644318627291 9.91402159756924 -86.78015 86.00369 52
0.0344802826149225 0.374858231705775 9.85429999069386 -87.75998 60.53467 52
0.0286416833349932 0.377490954241505 9.85949535752424 -87.69544 62.75057 52
