1 0.314980652786077 9.04892300026122 -78.253989 3.694318 51.71
1 0.314603538536396 9.34734336938216 -77.59721 3.525782 51.52
1 0.381063584497671 9.7924640908012 -81.25769 63.55143 52
1 0.309866375466244 9.13906893905159 -82.322617 2.964765 51.71
1 0.319043986119851 9.28867097282723 -82.973489 6.049689 51.71
1 0.387876942727278 9.87138834806235 -84.12535 71.69201 52
1 0.377812988538528 9.406088391283 -84.83424 61.83158 52
1 0.330004950422884 9.85053954371224 -83.26462 13.74204 51.52
1 0.385267016934578 9.84728689711349 -85.39386 68.37391 52
1 0.39376958107233 9.94861657003612 -85.49822 73.38574 52
1 0.409013943898147 9.93334731931531 -84.98839 85.81747 52
1 0.378843697358574 9.74206236646362 -86.18417 61.95612 52
1 0.315351102436468 9.13100551425456 -81.368505 3.973132 51.191
1 0.311963693539431 9.09103188086207 -81.403872 3.163264 51.191
1 0.389046977280791 9.92489557379612 -84.47657 68.03381 51.71
1 0.356123878826173 9.74559141904764 -85.616 44.27959 51.71
1 0.393903304785026 9.82243617966756 -86.59683 74.78322 52
1 0.392367308780225 10.8635248859514 -83.47334 71.68221 51.52
1 0.401277490854471 9.90003005901361 -86.49147 78.25588 52
1 0.330325803500243 9.38585823244898 -88.37617 12.55848 52
1 0.397382509119541 10.0671694624935 -87.00229 75.84268 52
1 0.310870970634493 9.05848033663089 -82.52169 2.80256 51.191
1 0.337171927566143 9.60810865552729 -86.68977 20.11146 51.71
1 0.292512004593048 9.40119053060646 -82.63502 4.94821 51.191
1 0.382349097748783 9.81675130066858 -87.59108 63.44956 52
1 0.377106445372145 9.55174083278171 -87.65562 61.983 52
1 0.301822302183857 9.04992224794727 -81.17076 2.793347 51.02
1 0.402444371540315 9.95020236869302 -87.21379 79.54274 52
1 0.304830800993839 9.14844208859957 -81.378155 3.495472 51.02
1 0.413046930249906 9.97462475484861 -86.89793 93.6918 52
1 0.302445528260647 9.23048598807284 -81.773294 2.531762 51.02
1 0.306220608336749 9.10405975783061 -81.864907 2.722779 51.02
1 0.30847566226098 9.03247179616196 -81.894079 2.176761 51.02
1 0.377842391593783 10.2984811797464 -88.59211 60.04288 52
1 0.342855971325351 9.90434513103435 -87.51412 29.51464 51.71
1 0.32338105129202 9.75400349511573 -83.77445 7.775602 51.191
1 0.379257980679525 9.93650774577498 -88.8798 63.75379 52
1 0.400424520152434 10.0711007928149 -88.73052 77.38104 52
1 0.346892585515866 9.97903946799437 -88.23544 32.92481 51.71
1 0.38965739369858 9.79879858304067 -87.31815 72.25464 51.71
1 0.304709791224409 9.27086848871381 -83.229582 3.070746 51.02
1 0.308671185052779 9.07256979864836 -83.251202 2.892636 51.02
1 0.38137033548509 9.67269616019361 -89.88024 64.13809 52
1 0.381751079271274 9.62462385011476 -89.95821 64.00949 52
1 0.329007922510539 9.7221001206714 -83.54511 12.24959 51.02
1 0.360261737568767 9.93007952606781 -87.42451 48.19639 51.52
1 0.382845407541 9.51431137990821 -90.14053 65.90824 52
1 0.358875622231676 10.0481204053774 -88.96395 46.27839 51.71
1 0.369208710196494 10.1635696045945 -88.78263 55.56054 51.71
1 0.354355757370382 9.90414446580606 -87.9707 41.24149 51.52
1 0.376428523469891 9.33939951877581 -90.58681 60.65321 52
1 0.380097745010845 9.45674989137106 -90.46903 65.07589 52
1 0.387501102734616 9.17186537251538 -94.63237 68.70603 53.55
1 0.386681988900771 9.69335353711971 -90.46903 67.56963 52
1 0.330676666653587 9.65487194206979 -88.49495 14.04173 51.52
1 0.372971787181933 9.21054318385717 -90.8745 59.23885 52
1 0.354139920992072 10.2751303126502 -88.25464 42.92293 51.52
1 0.34847935695083 10.069213647005 -88.44516 34.89785 51.52
1 0.358327016758238 9.73780739645002 -88.22202 46.274 51.52
1 0.374963068049116 9.26185817433021 -90.94349 60.6673 52
1 0.37937862825014 9.70112175115926 -94.95987 63.89806 53.32
1 0.35396870670883 9.7295959941743 -88.44516 40.92058 51.52
1 0.395676915477945 10.0506753617427 -88.95266 72.88382 51.71
1 0.385545626759048 9.57788764042959 -90.99228 67.42994 52
1 0.374285976466618 9.29355494160298 -91.23117 60.82408 52
1 0.383120685516402 9.05987446449388 -91.09764 65.39527 52
1 0.37855404060962 9.47731192228936 -91.202 63.3696 52
1 0.377190700365545 9.82973515116097 -91.27896 62.81267 52
1 0.377502728843318 10.0863702563382 -88.20627 62.77515 51.52
1 0.376255111611547 9.67020290489966 -91.41349 60.2843 52
1 0.378142559901602 9.75977038866951 -91.38532 62.72866 52
1 0.345762438030401 9.3095790271234 -92.15543 29.37136 52
1 0.390843042164656 9.64851967369387 -91.09764 71.66408 52
1 0.372108507126797 9.58986706288394 -91.60746 57.13732 52
1 0.388248005548925 9.85275277818157 -88.15748 69.44968 51.52
1 0.312495751266793 9.47774468385492 -86.756759 3.312373 51.191
1 0.394329038644005 10.1362465821792 -88.27526 72.10567 51.52
1 0.387393239196555 9.75927806364715 -91.56764 68.02634 52
1 0.385819469007207 9.67226357193359 -91.56764 69.43072 52
1 0.397282389983834 9.86184282331811 -91.38532 76.7852 52
1 0.345793789122371 9.3466397680545 -92.61646 32.48119 52
1 0.384004892104334 9.80566725754598 -91.79079 66.61326 52
1 0.374464734289283 9.55996921132771 -92.02868 59.38973 52
1 0.382933866447284 9.08495636432792 -95.92495 65.32536 53.32
1 0.378294342939035 9.85975295840316 -91.97311 62.54362 52
1 0.384174531328062 9.56733288128548 -91.85432 67.12483 52
1 0.393473430711957 9.78487769140414 -91.673 72.37576 52
1 0.373609176292109 9.78104236816676 -92.19625 58.06954 52
1 0.373816131813265 9.88963751592021 -92.26079 59.22549 52
1 0.355777568462194 9.4926836144281 -92.77162 42.59913 52
1 0.378849694692239 9.96606657450332 -90.58581 63.22679 51.71
1 0.374272125515135 9.78096148451017 -92.48393 58.99678 52
1 0.399694151913963 9.95420384252543 -92.07747 77.27719 52
1 0.38509955840111 9.75859454333558 -92.44311 68.71924 52
1 0.361083035834745 9.63898444043856 -93.11154 50.16059 52
1 0.300646583919541 9.25755819181952 -81.27612 2.470776 50.51667
1 0.344865759250941 9.31001464009867 -91.90857 30.59115 51.71
1 0.304719333567837 9.39769736529956 -81.540858 2.543166 50.51667
1 0.347429753606862 9.44966362491844 -92.13071 33.22076 51.71
1 0.326269539066835 9.00045605191961 -94.198732 9.199857 52
1 0.311086699302983 9.16744208745263 -87.137827 3.268799 51.02
1 0.369187172890653 9.57766056243779 -97.48015 57.02216 53.32
1 0.368551459499283 9.5739701685973 -93.58255 54.84557 52
1 0.307525613171368 9.04396652951301 -88.771662 2.785146 51.191
1 0.432788264511083 9.00567502744182 -94.81669 123.8028 53.55
1 0.441084732556954 9.05318136827944 -93.76687 140.3726 53.55
1 0.374732790810113 9.7797972268305 -91.97311 59.15167 51.71
1 0.407241428889595 9.87264887139581 -92.77062 86.3454 52
1 0.411469617684955 10.2992447772491 -90.94349 89.79494 51.71
1 0.389665179516193 9.9838826804992 -90.43166 69.95624 51.52
1 0.315572984425056 9.11205278222665 -82.231551 4.671686 50.51667
1 0.357487160222733 9.59392980072816 -91.31978 44.53528 51.52
1 0.324971317144984 9.63042994148342 -82.413873 9.153159 50.51667
1 0.308867395903577 9.35836949964997 -80.544152 3.847674 50.35
1 0.352014657765445 9.38705569576656 -91.673 39.05349 51.52
1 0.440720740982803 9.2164218720659 -94.56538 137.8965 53.55
1 0.378988823550606 9.52765009408058 -94.09337 63.40787 52
1 0.306547250342672 9.30001574582455 -82.72463 3.23234 50.51667
1 0.301033100578036 9.0306826641253 -82.72563 3.27034 50.51667
1 0.381356952938406 9.25938013588001 -94.2269 64.79703 52
1 0.294711396087062 9.43659008906611 -82.893526 5.017719 50.51667
1 0.392789064838516 9.83278738653992 -93.98801 73.07588 52
1 0.322063670525741 9.75823125603347 -82.976943 7.422324 50.51667
1 0.447160162761494 9.16794037506074 -93.71808 153.8863 53.55
1 0.385200548642996 10.2464082049747 -81.9075 66.41373 50.51667
1 0.375421662744276 9.43086808848718 -94.63237 59.06143 52
1 0.361691574030381 10.5002800287027 -87.8018 49.3442 51.02
1 0.334160019185938 9.6419710201199 -88.38959 15.77801 51.02
1 0.411508748885337 10.171236485432 -90.53702 89.64983 51.52
1 0.376513560416519 10.4048819927957 -89.10913 58.67827 51.191
1 0.404401460079134 9.88279954345312 -90.94349 81.37398 51.52
1 0.375967675233632 9.5619131950805 -94.78652 60.38503 52
1 0.298454924065666 9.05121897434484 -81.366504 4.149578 50.35
1 0.373371070773631 9.42749986611086 -94.85551 59.80578 52
1 0.418266372605809 10.1088508679965 -93.39922 98.68199 52
1 0.388694463268554 10.6437452970986 -87.50215 69.02903 51.02
1 0.386297912020034 9.59272915201904 -94.63237 68.78631 52
1 0.349728632014489 9.23732761393423 -99.52622 36.59504 53.54
1 0.371649950153951 10.626031749237 -88.07851 57.04962 51.02
1 0.386732172910174 9.68330818030658 -94.7457 70.14669 52
1 0.364513481337432 9.64831559836393 -95.37431 51.23616 52
1 0.377909834100871 9.45114040831325 -95.19198 61.96044 52
1 0.329748477132021 9.71866567216202 -83.87636 12.00973 50.51667
1 0.379870888480387 9.69847910171159 -95.19198 63.16461 52
1 0.380078246149521 9.19983801221952 -95.19198 65.33309 52
1 0.448279363668416 9.13538530942254 -94.46002 155.9798 53.55
1 0.376963141539786 9.43042812376568 -95.32552 62.31188 52
1 0.302105119182071 9.07746334899205 -82.100473 3.466395 50.35
1 0.379591272081621 10.3048692219448 -88.35322 62.7163 51.02
1 0.369172153022526 10.3487821271355 -88.58834 55.35858 51.02
1 0.386615376987023 9.47079422303697 -95.25652 67.93521 52
1 0.391987148001831 10.9149925576122 -89.69592 71.02698 51.191
1 0.391417511287429 10.5992675863542 -88.28004 70.02836 51.02
1 0.337111575859908 9.68033086498396 -90.97089 20.39232 51.191
1 0.401596263005096 9.06665204283275 -99.06619 78.8634 53.55
1 0.365991191524821 10.5367870802592 -88.83965 54.07353 51.02
1 0.377850764697447 9.25183146122062 -95.66199 62.41519 52
1 0.386542365372422 9.09052749220338 -95.47967 69.57673 52
1 0.380972157630586 10.6822783142446 -88.67327 64.69911 51.02
1 0.30075859856808 9.33777376964142 -82.550858 3.386107 50.35
1 0.323709240942262 9.69548683531245 -82.558055 8.564287 50.35
1 0.374686198907161 9.07746689677927 -95.86451 60.61026 52
1 0.345322988583597 9.31016718150001 -93.60275 30.35354 51.52
1 0.396263984816362 9.4008117386495 -99.52622 74.7458 53.54
1 0.446068866120733 9.35138147807209 -94.46002 152.0296 54.31
1 0.448801404160767 9.29459790168969 -95.15316 157.2885 53.55
1 0.330507732358865 9.49746431381941 -91.53906 12.97424 51.191
1 0.385820933515151 9.75400897068118 -95.88513 68.88844 52
1 0.383188959551661 9.18569192599459 -96.01866 65.68568 52
1 0.370394185533805 9.86852102143248 -94.63237 56.32347 51.71
1 0.374211429638282 9.59175715588202 -96.24181 59.09314 52
1 0.404033725370179 10.0792148569843 -93.85681 80.51844 51.71
1 0.362671291256377 10.1910398213493 -93.56293 50.20289 51.52
1 0.389855052947452 9.75636024374121 -95.88513 71.53408 52
1 0.388240932752424 10.5199512171515 -89.00723 68.21834 51.02
1 0.380298314136192 9.00819198847902 -100.13321 63.55006 53.55
1 0.373067183932243 9.49140846720629 -96.24181 61.152 52
1 0.379143311194022 9.1208619805816 -96.24181 63.17061 52
1 0.412687303175276 9.04611943908888 -99.28833 89.37752 53.55
1 0.325927070270124 9.67546468502091 -80.92667 10.09429 50.18333
1 0.38410904585575 9.27535935122669 -100.03505 66.17964 53.32
1 0.391028714870779 9.6835382331988 -96.01866 71.06303 52
1 0.374521819380682 9.46485105677814 -96.42413 59.57105 52
1 0.345485481070329 10.054515241759 -91.62421 30.87772 51.191
1 0.387908236343219 10.680735386114 -89.24512 67.30898 51.02
1 0.31002951220402 9.28558847386128 -83.264625 3.600465 50.35
1 0.313947184897709 9.36704670121515 -83.264625 4.074234 50.35
1 0.451596574934892 9.20802499092504 -94.97084 164.4028 53.55
1 0.457163924324372 9.23004666581971 -93.99001 176.41 53.55
1 0.318839911059959 9.2747654112872 -91.988085 4.883503 51.191
1 0.322240748564579 9.16247101409908 -92.000507 6.815314 51.191
1 0.390277622652246 10.7528689110039 -89.25509 70.75709 51.02
1 0.400884555566627 9.88689241299639 -95.99049 77.9196 52
1 0.375316808840997 9.66691141006772 -96.57828 60.126 52
1 0.38624706803788 9.84991932640087 -96.39596 68.71244 52
1 0.386659566304343 9.62631214301985 -96.45949 67.41116 52
1 0.376631258244213 9.73559693442739 -96.68364 61.22025 52
1 0.388871175395018 10.6263229297084 -89.46481 69.73972 51.02
1 0.357023265914152 10.1423628347938 -91.71383 45.08982 51.191
1 0.334494843961251 9.78249638932977 -92.14846 17.06301 51.191
1 0.332484798371804 9.72959066455025 -92.18483 15.36376 51.191
1 0.385916372023217 10.2677382466639 -91.15421 66.0643 51.191
1 0.31738469046395 9.11142905742157 -92.251822 4.191176 51.191
1 0.295574706859665 9.20724664384122 -90.79653 3.34742 51.02
1 0.450981610174794 9.00312242809531 -94.46002 162.4919 54.31
1 0.330613261479295 9.51482612364744 -92.25182 12.95123 51.191
1 0.342255691616534 9.36975420204329 -92.14846 25.3484 51.191
1 0.366778225380271 10.4641869627378 -90.09142 54.50172 51.02
1 0.352422683530842 10.1166722740128 -92.00151 40.01497 51.191
1 0.335694154672301 9.39402425596453 -92.34143 17.658 51.191
1 0.456496799432224 9.40549423831911 -94.46002 176.2794 53.55
1 0.301199526469136 9.39646190047689 -81.704978 3.616068 50.18333
1 0.455634844274801 9.1787177606498 -94.68316 174.0081 53.55
1 0.3620876538893 9.61837926266593 -95.63727 49.16109 51.71
1 0.370333531346354 9.36932153562182 -97.0891 57.51237 52
1 0.321930511795654 9.17497281718256 -91.020678 6.541643 51.02
1 0.372252946640539 9.60062159722071 -97.0891 58.44555 52
1 0.421288225953415 9.56782598232036 -99.27491 105.17 53.55
1 0.424955882731953 9.05373414995213 -99.17055 107.3354 53.54
1 0.309603234182507 9.34445110856722 -81.838509 4.032334 50.18333
1 0.4533360532 9.31026702787843 -95.15316 169.4213 53.55
1 0.340030780575593 9.95694075815566 -92.43514 25.11522 51.191
1 0.422699541710793 9.00732055819282 -99.42186 104.6351 53.55
1 0.336065156946615 9.55808710043103 -92.56868 18.84797 51.191
1 0.346004050829484 9.84819203474097 -92.40697 31.78732 51.191
1 0.327776025195772 9.04874629437915 -92.65829 10.0179 51.191
1 0.454090915202734 9.40819682961737 -95.15316 172.0041 53.55
1 0.323733503013869 9.49924963586306 -84.255423 7.847472 50.35
1 0.351566491216019 10.1223189133503 -92.47497 37.86925 51.191
1 0.315877304708416 9.04037016464851 -92.828186 4.616793 51.191
1 0.328874927003042 9.40271692413071 -92.81144 11.90539 51.191
1 0.329553065636769 9.28243384082648 -92.81244 12.24795 51.191
1 0.330852760489463 9.5433275457315 -92.93022 13.17266 51.191
1 0.375536448252114 10.1922848472158 -92.09867 59.81765 51.191
1 0.302729895514326 9.16849530244112 -82.33668 2.58447 50.18333
1 0.430249802700224 9.05090455572963 -99.06619 117.8392 53.55
1 0.363002625226998 10.2635990400063 -92.35718 50.82333 51.191
1 0.333149574785016 9.54174717874842 -92.99476 14.88987 51.191
1 0.360475137797487 9.89669045446225 -92.51133 47.91169 51.191
1 0.339709454340961 10.0835390213362 -82.29477 24.12021 50.18333
1 0.431055298783343 9.07524754756082 -99.06619 119.642 53.55
1 0.392205353570159 9.62339168938244 -97.27143 72.14309 52
1 0.320403124310577 9.34679194962687 -91.693206 6.065708 51.02
1 0.335836558366792 9.97076940243066 -93.10012 19.54782 51.191
1 0.459243291565077 9.18328459966695 -94.68316 182.3442 53.55
1 0.300565021433382 9.27750369529027 -86.651399 3.323205 50.51667
1 0.337204095811532 9.15210111583958 -93.09912 20.44185 51.191
1 0.395428875240357 10.1454050476278 -91.84636 74.07262 51.191
1 0.358363352035631 9.91330895692163 -92.69465 45.91547 51.191
1 0.341413162868837 10.0392323968127 -93.05033 26.56747 51.191
1 0.332981246698012 9.31258689592835 -93.16811 15.25815 51.191
1 0.388160772682573 10.1892506411328 -92.10587 69.59448 51.191
1 0.412612118334501 10.5581832125132 -95.02341 91.29547 51.71
1 0.302662300673634 9.16032842378667 -86.779151 3.112752 50.51667
1 0.341333889135951 9.48688359924394 -91.72138 24.92307 51.02
1 0.367794504635251 10.3124340852352 -92.6085 54.98521 51.191
1 0.338079622571671 10.1364429200244 -91.77936 21.58606 51.02
1 0.3365478881563 9.41374669638774 -91.81099 19.0576 51.02
1 0.342798578603275 10.087615634706 -93.16811 28.58258 51.191
1 0.312633456731452 9.1627060390707 -86.834721 3.119443 50.51667
1 0.286698628507886 9.1151241820513 -82.753799 6.428496 50.18333
1 0.341019852002215 9.22171820231894 -93.23265 24.43781 51.191
1 0.321724233840931 9.22556466188009 -86.834396 6.901077 50.51667
1 0.356839856342151 10.1686689341503 -92.94597 44.12625 51.191
1 0.393548831036118 10.0777221642503 -92.22365 70.37469 51.191
1 0.325636812552518 9.42997079535087 -93.455794 8.628972 51.191
1 0.323276512088097 9.52072846435552 -82.888331 7.951538 50.18333
1 0.315710108338016 9.24351129770814 -92.05608 4.54101 51.02
1 0.344830915348073 10.1022960019245 -91.83161 31.66761 51.02
1 0.456770756755694 9.50473799542553 -94.46102 177.574 54.31
1 0.360281500684545 10.3878493710754 -93.00573 47.30834 51.191
1 0.332590837966477 9.21345764952924 -93.50559 14.83081 51.191
1 0.383497392737163 10.8171652142562 -90.97786 66.99895 51.02
1 0.344191073815018 9.81396819552162 -93.35143 29.28338 51.191
1 0.348547801967448 10.0524553960059 -93.28244 34.56989 51.191
1 0.352928368529625 9.68257353783067 -93.2169 39.72619 51.191
1 0.376679855614761 9.67639260104875 -96.38253 62.36225 51.71
1 0.346176008946533 10.1043050912894 -91.89715 32.29449 51.02
1 0.393742348388014 9.81164343823156 -94.80572 72.89894 51.52
1 0.334134775261494 9.42321155797213 -92.09867 16.67385 51.02
1 0.361711238939203 9.88336442042549 -93.03458 49.23564 51.191
1 0.331332716592227 10.0413827022777 -87.11343 14.92486 50.51667
1 0.359903172895413 10.0908681166536 -93.13174 47.94238 51.191
1 0.3472528256456 9.75941714882856 -93.45579 31.98051 51.191
1 0.404238532378823 9.90977984490885 -97.49457 81.04135 52
1 0.341520345522498 10.137767524382 -87.02004 27.64903 50.51667
1 0.351122021048148 10.2296819385651 -91.89715 39.01006 51.02
1 0.3369639857798 9.42263453479414 -92.18383 19.75055 51.02
1 0.335994638868071 9.93750151368684 -92.18383 19.88878 51.02
1 0.339537770522856 10.0867092127115 -93.60995 24.12576 51.191
1 0.354249935626225 9.86520533414425 -93.32226 42.02981 51.191
1 0.380571110567794 9.87605581634038 -95.27572 63.20448 51.52
1 0.348760503386735 10.1029079206031 -93.45579 36.22132 51.191
1 0.329179195261176 9.54875374946475 -92.28919 12.24758 51.02
1 0.390842283239758 10.1186334993179 -92.57487 70.20756 51.191
1 0.435778053483641 9.01003273239982 -99.28833 127.7842 53.55
1 0.32825790939365 9.47517782375563 -92.36715 11.00819 51.02
1 0.360969074886246 9.81081381119049 -93.28244 48.18909 51.191
1 0.325623339607492 9.0832009475022 -92.386353 9.116663 51.02
1 0.440894835580826 9.082717487461 -98.59518 139.5748 53.54
1 0.364411962330768 9.80874058778709 -96.90578 53.28301 51.71
1 0.441041428515065 9.25228746404982 -98.4774 141.9882 53.55
1 0.40439029107081 10.4845074243077 -94.84209 80.51824 51.52
1 0.331606562612689 9.04457457348373 -93.91005 13.59434 51.191
1 0.464740968984732 9.39576896639478 -94.46002 193.6864 53.55
1 0.391580381149505 10.1676764483336 -91.40552 68.60928 51.02
1 0.340116055189332 9.66573024852799 -92.46331 23.70112 51.02
1 0.378392485651143 10.1434882426754 -93.12829 61.99798 51.191
1 0.357829530292607 9.81001229019576 -93.58933 45.54742 51.191
1 0.349156381993502 9.77821253896627 -93.79227 35.35753 51.191
1 0.372036411532825 10.2339223324984 -93.2859 58.82912 51.191
1 0.357123770995054 9.85299866190262 -93.65154 44.79347 51.191
1 0.442861012184067 9.1727165433013 -98.72871 141.9419 53.54
1 0.379064820162259 10.2978367428359 -91.79079 61.41439 51.02
1 0.34006164654858 10.2009081954328 -87.57966 25.22242 50.51667
1 0.439117079284284 9.52813094569023 -99.17055 136.0688 53.54
1 0.356635708198801 10.1967615229804 -93.79227 43.57781 51.191
1 0.368123376204486 10.1457005731093 -93.50458 56.29712 51.191
1 0.344706363268185 10.2359035994585 -92.59029 31.55182 51.02
1 0.326992602512276 9.2700304258637 -92.82486 10.23137 51.02
1 0.421431585701532 10.4147134279461 -95.36534 105.2682 51.71
1 0.343965866457392 9.53621300273761 -94.13319 28.65281 51.191
1 0.42334488801578 10.5368046685192 -95.29734 107.1577 51.71
1 0.341911646921496 9.44550731892505 -94.19773 25.23971 51.191
1 0.364833717818622 9.75395148871397 -93.70711 52.10161 51.191
1 0.345090936292877 10.2452451862639 -92.68123 31.29253 51.02
1 0.466744889823702 9.10011036877177 -94.27769 199.4992 53.55
1 0.361456641237496 9.54002628934773 -99.16855 47.05597 52
1 0.354248228210025 9.66944060338453 -94.01541 41.18933 51.191
1 0.333320666817221 9.13372295794735 -94.42088 15.96696 51.191
1 0.34043784249838 9.7100573218525 -94.38005 23.37647 51.191
1 0.41332823932316 10.4993489354642 -94.9033 92.75913 51.52
1 0.321594255396681 9.10963349064327 -93.063752 6.901507 51.02
1 0.321847317517852 9.24730095934082 -93.063752 7.206025 51.02
1 0.358007765527501 10.0195621448619 -94.00721 45.93515 51.191
1 0.340615045897509 9.3734824723557 -94.38005 25.05131 51.191
1 0.339779484825775 10.0573575477272 -92.93022 25.7828 51.02
1 0.374384056269758 10.3110158009571 -93.72773 57.95086 51.191
1 0.466106433421356 9.67877765192232 -94.27769 201.1199 53.55
1 0.345860146526435 10.1983113362875 -92.84061 33.11866 51.02
1 0.349297809590044 10.3430331133674 -92.77362 37.19263 51.02
1 0.339873770730913 9.49991715950018 -92.99476 23.62883 51.02
1 0.361555454158272 9.49990119526354 -99.28633 49.91358 52
1 0.313657663306786 9.13732120711275 -88.157477 3.680739 50.51667
1 0.372820758029551 10.3362758540539 -92.31736 58.71731 51.02
1 0.44186169064414 9.60980885406048 -99.06619 143.1837 53.55
1 0.371352573119579 10.0329268157712 -93.80569 57.70224 51.191
1 0.336258109572249 9.20439805882492 -94.53866 18.5395 51.191
1 0.354764733239467 10.2374556415962 -92.70708 44.32518 51.02
1 0.355578227764704 10.0500413185706 -92.77607 43.36902 51.02
1 0.327057764593415 9.15151082012496 -93.2179 10.13729 51.02
1 0.381316132935386 10.31462540964 -92.26524 63.41013 51.02
1 0.379689405808658 10.2228965508063 -93.74348 63.54538 51.191
1 0.349163862361817 9.75658105245275 -92.99476 34.41682 51.02
1 0.299591667562244 9.05184328425634 -86.364717 3.016606 50.35
1 0.339375094452254 10.0164482554065 -93.17808 24.12921 51.02
1 0.379276670387724 10.1632055698263 -93.79327 63.16973 51.191
1 0.354035675617144 10.2530101544653 -92.84161 44.25959 51.02
1 0.466497325174229 9.18448947392737 -94.81669 197.7944 53.55
1 0.350485590511236 10.0839832953796 -92.98234 38.21461 51.02
1 0.419687941932659 10.2821909915425 -92.25282 101.7926 51.191
1 0.390027624743199 10.4205454929518 -93.67794 68.09515 51.191
1 0.446448630080855 9.26830094212142 -98.59518 152.8942 53.55
1 0.35904275719353 10.1020718628649 -92.87798 45.03079 51.02
1 0.352910842866203 9.79355781930755 -92.97414 40.81439 51.02
1 0.388738636740868 10.2995609556312 -87.18562 68.40378 50.51667
1 0.348965257594255 9.93246332272624 -93.11354 34.62764 51.02
1 0.360193929789308 9.79277357272472 -94.34369 48.50849 51.191
1 0.347964067227007 9.93943151123367 -93.2179 32.62866 51.02
1 0.344304552691099 10.0649696080988 -94.68794 31.34305 51.191
1 0.348442860988342 10.1685286902635 -93.17808 36.19538 51.02
1 0.465191611305118 9.24519656920846 -95.15316 196.5325 53.55
1 0.340241253119928 9.52790509900544 -93.41597 23.86602 51.02
1 0.443760834519897 9.05792060919759 -99.28833 145.6851 53.55
1 0.382508055834977 9.93723064682325 -93.97904 66.5895 51.191
1 0.370773127768061 10.1758033812001 -94.26672 57.73029 51.191
1 0.350894893381547 9.72701343693025 -93.31507 36.52937 51.02
1 0.389791814039832 9.97766237032216 -93.89763 69.84941 51.191
1 0.393948444981396 10.2489025241659 -92.39878 71.40333 51.02
1 0.346212259857479 9.32228932561318 -94.85451 32.46907 51.191
1 0.368634685546023 10.1305338230523 -94.38105 55.3695 51.191
1 0.40722280365043 10.1574091186806 -91.96514 83.81274 51.02
1 0.323281737227383 9.01297891561918 -93.68791 6.85947 51.02
1 0.359268282670601 9.69815048948462 -94.6032 48.16365 51.191
1 0.339041543869401 9.45862562852853 -93.60275 23.16405 51.02
1 0.463476012977347 9.17845090202411 -94.46002 195.4824 54.31
0.398018669318942 0.387020487980038 10.2387951268853 -92.68646 66.51066 51.02
0.4272897326111 0.470405454577603 9.67977951308597 -94.12354 209.3167 53.55
0.440876886934345 0.387192233245032 10.2955273540545 -92.65829 68.29736 51.02
0.437829808726816 0.342664625449159 9.67387907237882 -93.68791 27.1212 51.02
0.509315331327954 0.363779190284879 10.5949825643706 -88.24609 50.59959 50.51667
0.43724840588385 0.361967703616082 9.56880000241497 -99.97948 49.31248 52
0.417584258558715 0.470775542607827 9.04060048216081 -94.46002 207.1857 53.55
0.439627459227422 0.294998530263262 9.29629137225001 -84.974969 4.535343 50.18333
0.460500302147895 0.400404249891825 10.2234380185124 -93.91005 77.24054 51.191
0.402046893111507 0.443780396574013 10.2057567850547 -99.39269 150.0303 53.55
0.408008086964795 0.360786803232635 9.86955592142334 -93.46476 48.29276 51.02
0.469914253067917 0.316135757666268 9.30832655110006 -87.192396 4.440416 50.35
0.491624123997161 0.468769051367951 9.04769078030604 -93.76687 206.0514 54.31
0.445605303928701 0.437612527130957 10.5939681698419 -94.59077 139.1893 51.71
0.481934606610201 0.464630586122343 9.02509537097759 -95.66399 197.3938 53.55
0.403539488361551 0.37185354374334 9.25813776700484 -100.0203 58.6063 52
0.396162438285004 0.346779933079006 9.86270265408646 -93.91105 33.22113 51.02
0.401714701996945 0.399356905242457 10.0177269470972 -92.72283 77.48584 51.02
0.543505515372274 0.473745342088631 9.3022995253969 -93.76687 216.869 53.55
0.406385047774904 0.384641008012946 10.1012069283505 -93.12829 66.75786 51.02
0.392040785575458 0.365451648154465 9.95579462398135 -93.53376 53.16519 51.02
0.508392035008193 0.465693387592421 9.55848448604951 -94.68316 198.2817 54.31
0.404088981354435 0.34328280794466 9.24717890207777 -95.49887 27.91267 51.191
0.557484951003625 0.303053964739602 9.54582845481718 -89.320628 3.212915 50.51667
0.630494923816639 0.404155219079635 10.2994384461897 -94.10812 80.9343 51.191
0.57567183309235 0.473976069256047 9.41370912782833 -93.76687 217.5059 53.55
0.404719006965027 0.389681764935056 10.2800884081329 -93.10012 69.55772 51.02
0.396513175557041 0.370380360798885 9.36340816927271 -100.20262 56.14887 52
0.386212038015622 0.445966106775132 9.19638957022573 -99.57601 151.2438 53.55
0.535840160293369 0.302912822495048 9.68159946046994 -85.393857 4.066931 50.18333
0.477486601042239 0.365169415765804 9.1839899570101 -103.99786 53.50838 53.32
0.449070483704217 0.365212034422625 9.97178691612755 -93.62337 52.85866 51.02
0.618642568660285 0.369567586839257 10.0874348130113 -93.48497 58.32931 51.02
0.683922805680672 0.372648960531289 9.80726536601327 -98.57976 60.1139 51.71
0.497019132849566 0.390749794368536 10.0657227424159 -93.2179 70.69333 51.02
0.476227233221827 0.369398495573693 10.5093804878473 -88.69547 56.66686 50.51667
0.429196054885941 0.38480984264433 10.2170608078864 -93.41597 66.53668 51.02
0.63401338717076 0.361744556637257 9.99415753821734 -93.8984 49.74213 51.02
0.436301163789762 0.393875096217284 10.0360926640914 -94.67219 72.17364 51.191
0.450766093108432 0.444630791204271 9.01122431657603 -99.28833 144.7911 54.31
0.371312156390534 0.350092206295137 9.90690756854368 -94.19873 36.23076 51.02
0.649480968977651 0.29718389785223 9.45715238496422 -87.751011 3.568146 50.35
0.450764984779669 0.380429591117799 9.32979700317071 -100.30798 62.84452 52
0.411854942562508 0.359929903892951 9.6670442284803 -94.08095 46.52816 51.02
0.464202269342585 0.372440883829509 10.5928102957283 -88.81904 58.89305 50.51667
0.519199364853843 0.288832857610217 9.03279437566374 -84.284275 5.374518 50.06667
0.391595580199077 0.359838267207795 9.95831575479654 -94.15791 47.07645 51.02
0.441023598694762 0.368804408633855 9.96598381729861 -93.89043 57.71349 51.02
0.507503259242483 0.446551840748638 9.16896865281416 -99.98148 151.3051 53.55
0.36833604264465 0.464787113351208 9.07460630411584 -93.4304 195.0594 54.88
0.453186422932607 0.38472231551501 10.5900942333602 -95.20396 64.09067 51.191
0.384023297799007 0.478146998080195 9.63264486518348 -93.76787 222.3341 53.55
0.505329223227042 0.415815547094846 10.3169949695336 -94.01541 95.5836 51.191
0.604309318540194 0.401101386833558 9.09405489701632 -103.77572 77.23828 53.32
0.365900375546292 0.401176876894638 9.02844790797667 -103.77572 77.74299 53.32
0.460448104822107 0.370085039244259 10.5778025529482 -89.09097 56.8111 50.51667
0.396087447995772 0.401318843247113 9.06896940699373 -103.77572 78.24042 53.32
0.364768119812707 0.363019786181046 9.63854327636024 -100.84698 51.70417 52
0.461953471168467 0.376105542122886 9.21755780273937 -100.62383 60.74004 52
0.411571519197132 0.422755660338202 10.3152513375066 -93.52033 106.9619 51.191
0.367546095741173 0.396986738557456 10.2293812000055 -93.46922 75.90745 51.02
0.398769439827109 0.390701600437809 9.60844936209172 -100.33615 70.84919 52
0.462840405189987 0.470070630635024 9.37508001356298 -95.37631 207.9436 53.55
0.412142973665282 0.417161812279665 10.1423737859788 -94.04358 97.23009 51.191
0.427539096013788 0.474402150098531 9.07177291621693 -94.27769 218.6977 53.55
0.477816581930079 0.450469299173061 9.27103657042867 -99.57601 159.6877 53.55
0.568838339055928 0.396732339059648 9.87316886853014 -95.0742 73.55351 51.191
0.455738713096291 0.377432117614098 10.0903566900765 -94.08095 61.62173 51.02
0.408797251643599 0.369555669125476 9.31038685837598 -104.61204 55.92224 53.32
0.564138860817838 0.396715807868872 10.0892689744396 -93.68791 74.56278 51.02
0.539989642054799 0.383145624080518 9.06817180231209 -100.62383 66.52286 52
0.485002282823809 0.414550630237832 10.1449232994615 -94.42088 92.13177 51.191
0.385617324568083 0.385743352040724 9.50213742627832 -100.62383 67.73041 52
0.379919870961051 0.411946403665748 10.1976152749457 -93.10012 90.37596 51.02
0.41035828364122 0.418472358525998 10.0757985307152 -94.13319 100.0683 51.191
0.475196861952201 0.355579727796651 10.4555306924579 -87.88554 42.52461 50.35
0.719762391842031 0.358486867149697 9.25203077042088 -104.91315 46.82802 53.32
0.497562643767431 0.32699882191582 9.85476716665062 -88.3398 10.45316 50.35
0.465270924375127 0.362407922290411 10.0819336658415 -94.56783 49.62315 51.02
0.58069905438692 0.34098812568629 9.44537849422936 -95.02541 24.67489 51.02
0.51124866230333 0.410102960321517 9.85880497513858 -99.97948 88.30369 52
0.558204615573324 0.397672919145494 9.5620157197779 -100.4697 75.6338 52
0.44325785752187 0.445996118215832 10.5848610067174 -94.38105 157.0858 51.71
0.410741901842594 0.355119054915058 10.4565232774243 -94.77655 41.82634 51.02
0.412742464598656 0.449984144476394 9.27800304216195 -99.75833 160.9266 53.55
0.505754847429983 0.367480915707653 9.44171593945858 -104.79537 55.23523 53.32
0.494543806966441 0.399638529551362 10.2570061502095 -93.80569 76.4782 51.02
0.362942025866973 0.40773512422174 9.17791187520262 -103.8801 85.5663 53.32
0.445990770422965 0.382859264567238 9.19940232130472 -100.77798 67.79184 52
0.52894369022052 0.393174343676301 10.3808753480881 -95.44053 71.90601 51.191
0.598280199973315 0.409500301277491 9.04056383846495 -103.88008 87.31499 53.32
0.378234787941078 0.452610631312599 9.39519253333656 -99.42186 166.8192 53.55
0.44318437191387 0.396403695818261 9.69163203366639 -100.62383 75.24802 52
0.474136197283457 0.387007281642847 9.07864508783834 -100.84698 68.74424 52
0.474597379684672 0.408480264101313 9.26342594549459 -104.02703 85.06731 53.32
0.409894320797351 0.396995792453707 9.85512156947094 -97.78225 78.98481 51.52
0.400274042036366 0.416339459213521 10.2576810052817 -93.31507 94.07456 51.02
0.437400177458543 0.451919358007274 9.17633999883078 -99.75833 164.1997 53.55
0.397101338569469 0.388507463602076 10.3188912746348 -87.55226 68.46509 50.35
0.383608702899495 0.415114916899152 10.2781364792715 -93.53376 90.93575 51.02
0.390159917801266 0.378483196216611 9.52644689140815 -101.18345 63.80332 52
0.377368353812746 0.396392884423374 10.8205874424372 -87.35351 74.87134 50.35
0.363916476218127 0.413129740701396 9.39955987307968 -103.99786 90.63034 53.32
0.456267631001625 0.454837971104134 9.28352210089465 -99.28833 171.7647 53.55
0.429710277746046 0.416115073527789 9.16767868496576 -103.8801 93.8674 53.32
0.459491379255358 0.364957944648113 10.4936762590214 -94.89088 54.35825 51.02
0.518824029951689 0.384519189428481 9.23292766694087 -101.14263 66.93098 52
0.451758865852543 0.474798807877425 9.64678210692532 -94.97084 218.8409 53.55
0.385990462797779 0.29884265268452 9.35840716560715 -88.886992 3.716654 50.35
0.392706461087396 0.356056984781243 9.61972465507894 -96.57828 44.07534 51.191
0.46198000782739 0.380806899823647 10.6818083110719 -89.73674 63.76034 50.51667
0.499357412565754 0.402778045168832 9.808470355643 -100.71344 80.57922 52
0.453468920054355 0.397847238800237 9.40499437267645 -104.55993 76.96858 53.32
0.426124077943687 0.402001553238207 10.151928318406 -94.16236 78.43791 51.02
0.531987043349916 0.411202991571142 10.2088791317645 -93.79327 87.61369 51.02
0.4453726753139 0.470948335588609 9.2447302315949 -94.97084 209.755 54.31
0.361443677788386 0.422843645535719 10.2877020799921 -94.30309 107.5403 51.191
0.383591187086866 0.383200783038966 10.4107230017355 -94.63137 65.81464 51.02
0.398478842547798 0.387797063877126 9.20862334050137 -101.14263 69.20341 52
0.37818499362725 0.429713680885287 10.1952382489106 -96.24081 117.5479 51.52
0.407411465825412 0.45427580420392 9.40891480746384 -99.42186 171.3809 53.54
0.409904039941722 0.360619624320878 10.2819075173669 -95.17956 47.9578 51.02
0.361813882003659 0.454721704219623 9.52187461517793 -99.28833 173.646 53.54
0.564923232345359 0.387840521283487 9.22171178052074 -104.9279 68.31784 53.32
0.44676775029447 0.346335467865263 9.27116284279695 -102.09974 32.32519 52
0.547430761146628 0.478905547191632 9.03301641219972 -94.27769 227.1354 53.55
0.36835711836571 0.418781636354275 9.11402526931709 -103.8935 98.22073 53.32
0.406284671171089 0.402121765332901 10.1305270503624 -94.2959 79.55853 51.02
0.401602496733218 0.431895791963627 10.2851295364538 -93.60995 123.5165 51.191
0.551741233232375 0.402556644188108 9.08555974746681 -103.88008 79.77661 54.31
0.427284534618114 0.399061551079305 9.74895834267698 -101.13466 76.38777 52
0.422577608238772 0.479726179159854 9.06078687231355 -94.27769 228.2117 53.55
0.400306683927379 0.415514421060495 9.61973410000844 -104.13139 95.33238 53.32
0.664022892993629 0.455094780618517 9.01507417596188 -99.57601 172.6987 53.55
0.360914046555633 0.478109468226152 9.69315549113625 -94.81669 223.7896 53.55
0.417238336061667 0.353727315122637 10.4784176135679 -95.57406 41.42123 51.02
0.669196684321512 0.406463802918419 9.62136363566131 -104.69346 82.52863 53.32
0.389202818622356 0.423216670130779 9.1831582182515 -103.7757 104.9338 53.32
0.481482382271882 0.398711409967027 9.62538944987799 -104.9279 76.02054 53.32
0.5027194267679 0.41628988606678 9.19047191741714 -104.24917 94.34708 53.32
0.622742397649434 0.333937929963721 9.96807784151205 -91.09864 17.7059 50.51667
0.485109306695836 0.403196831209381 10.7615342868803 -94.43562 81.50089 51.02
0.391723395054905 0.392474369716091 9.19293953695139 -105.04568 74.06131 53.32
0.693717972245828 0.451911826669733 9.00930719591148 -100.2692 165.6052 53.54
0.522875911953558 0.399388677673834 10.1971691013657 -94.73773 76.69239 51.02
0.524499414196239 0.411523981939684 9.91436965725037 -98.00439 91.73076 51.52
0.45774297564742 0.417051797619424 10.3393780645502 -94.00821 95.20101 51.02
0.411931361990896 0.48055322953599 9.23941650887232 -94.46002 229.0587 53.55
0.394526776133996 0.417742010986629 9.73994655014762 -104.28554 97.62936 53.32
0.396403996374191 0.385413546496735 9.53433134654467 -101.65345 70.02364 52
0.420798098071518 0.471348819321586 9.59889317670622 -95.37631 211.7807 54.31
0.514940621715659 0.384231980538782 10.5986560621683 -90.36945 65.22453 50.51667
0.525125659600868 0.4573653335087 9.60632004232414 -99.42186 178.607 53.55
0.417470439311775 0.378178646451396 10.6924713658818 -88.62648 62.82756 50.35
0.507916583281283 0.399618046109067 10.4094625364666 -94.94645 76.04265 51.02
0.455666566993695 0.457012242946663 9.32540557260061 -99.57601 177.5811 53.55
0.374517323175508 0.327197855740407 9.34756336974824 -91.51985 10.12369 50.51667
0.390911486055073 0.343415042535359 10.0205534432886 -91.33753 28.96388 50.51667
0.522164371015259 0.427680844043486 10.2326863774438 -93.24607 113.9443 51.02
0.360231085061281 0.462748798987718 9.16722703685268 -98.37204 192.0392 53.55
0.44975124525516 0.306564563036665 9.70378133572226 -86.23974 1.90338 50.06667
0.419262755989824 0.331261248253786 9.94254276015983 -91.55967 14.78856 50.51667
0.405134561026136 0.410343050578218 9.78621625958668 -104.86336 88.84775 53.32
0.520225756641561 0.347955770615121 10.2057921904249 -91.34995 35.01607 50.51667
0.358543590193709 0.390068351369915 10.5162628638085 -88.58114 69.22202 50.35
0.470925090990157 0.413768899948034 10.0149054022141 -94.45005 92.6836 51.02
0.502769022621077 0.462508563602413 9.40424356407771 -98.65972 190.0139 53.55
0.453974665953554 0.328537552318891 9.75894777611329 -91.674 12.50605 50.51667
0.442013751340397 0.335598223734941 9.38569037423352 -91.63764 18.04914 50.51667
0.42239295946022 0.429357454080181 9.09090733519482 -103.7757 115.1146 53.32
0.432517875216388 0.428543507402739 9.46354425223649 -103.7757 115.6006 53.32
0.484566771863104 0.363611191311537 10.5540027731909 -91.09564 52.00125 50.51667
0.459270423723957 0.346274416883698 10.3107964814948 -91.50411 34.20778 50.51667
0.512949552704733 0.348818651856357 10.2462545718401 -91.45531 37.0525 50.51667
0.47283030344971 0.425332233030803 9.38951296360331 -104.1314 109.4304 53.32
0.464799483927069 0.332193739490985 9.14993688820983 -91.77117 13.93989 50.51667
0.493895177321631 0.460288656643615 9.13043281727034 -99.28833 184.1809 53.55
0.372525294389098 0.35699327064759 10.1487593738398 -91.33753 44.89854 50.51667
0.469343213700524 0.478152641036144 9.53945379372241 -95.37631 224.9522 53.55
0.520721830849833 0.415840676324191 10.0293749675033 -95.98949 93.3395 51.191
0.385643571464339 0.398227468701304 9.70483360881816 -105.48751 77.00154 53.32
0.449853505005093 0.383491718421075 10.6306107916153 -88.93924 65.36092 50.35
0.366328187695662 0.459575415748301 9.22130034208491 -99.57601 182.8296 53.54
0.434473841846251 0.341174842648313 9.99550214746973 -91.86078 26.22386 50.51667
0.393943631662823 0.414981666066032 10.2080404308878 -94.6042 96.66991 51.02
0.451601087236866 0.338862113872999 10.1365765632198 -91.89715 24.22375 50.51667
0.393990450397583 0.307554951382673 9.25571215552818 -86.783605 3.060203 50.06667
0.464209956241158 0.457636509273795 9.34429493036302 -99.17055 178.0285 54.31
0.399283599462562 0.40971294407979 9.93262182808964 -101.72245 87.64999 52
0.518055288324403 0.385450651770922 10.8086685519173 -89.29046 65.51444 50.35
0.515381947823974 0.460083995508408 9.45551894415112 -99.75833 182.9703 53.55
0.488340826913536 0.431886362556844 9.39668752203911 -103.8801 121.9457 53.32
0.471506729193648 0.374416075348028 10.8301762657268 -89.54277 59.08539 50.35
0.490081645976397 0.34641210045428 9.70923370976117 -92.03865 30.84824 50.51667
0.366201206523661 0.363499088504943 10.0879563754955 -91.61702 51.51405 50.51667
0.542410620211051 0.445475000837335 10.6093418374005 -95.29734 153.5627 51.52
0.447724676012187 0.433626518946235 9.13642590339855 -103.7757 124.7486 53.32
0.459846260474377 0.395763722774781 10.4327509034509 -95.80617 73.92323 51.02
0.365067809143109 0.294938285520287 9.30138703621188 -87.018043 4.394201 50.06667
0.388219889443567 0.409189232959918 9.78049914375145 -101.8766 87.07514 52
0.491978561606291 0.433080420834702 9.68334984525709 -103.7757 125.2858 53.32
0.435243445471884 0.430713832233477 9.09180809642732 -104.027 120.7934 53.32
0.728044558538404 0.362161366505633 9.82678276843086 -97.9566 49.40085 51.191
0.522541016121942 0.314128961370897 9.66335837649048 -87.066833 3.911966 50.06667
0.391698944235162 0.455992035063529 9.20715138231752 -100.6746 173.2782 53.55
0.398433730474109 0.462132049659121 9.51384762507411 -99.28833 189.9446 53.55
0.386543357971134 0.408387637521154 9.89337379959711 -101.94559 86.61172 52
0.371323917887541 0.479842448663479 9.65950165961066 -95.37631 229.8378 53.55
0.433946521869034 0.453475032576373 10.8482201985417 -94.09437 171.2116 51.52
0.457473766821357 0.385670251138879 10.4707813458896 -91.45231 66.27081 50.51667
0.438488899779192 0.425647854494279 11.0098187145874 -94.19873 114.2663 51.02
0.789067845833193 0.396430511419272 10.5484263035239 -91.202 73.5309 50.51667
0.435800949680964 0.430742187094331 9.75065066604174 -104.1156 122.7883 53.32
0.522338251246644 0.32400722714196 9.13265173473957 -92.553927 7.469825 50.51667
0.524585315239175 0.336782367733468 9.5581247426371 -92.48493 19.08705 50.51667
0.403217491164497 0.327730710976494 9.66308641361378 -92.55393 11.61295 50.51667
0.487677444319341 0.386795995303796 10.5383402496189 -96.31699 66.73894 51.02
0.384517220286851 0.384933755164874 10.620579694423 -89.67976 65.56463 50.35
0.44199506339551 0.3386319779101 10.2089094723167 -92.48593 22.47447 50.51667
0.422723206462815 0.336945063878584 9.53977738330332 -98.68612 19.32857 51.191
0.452159446254379 0.358759912584862 10.5814519903995 -88.29898 46.1975 50.18333
0.412537022194614 0.4850276548155 9.11188310454536 -94.56538 239.3692 53.55
0.415607076720868 0.410394134959183 9.92784857584897 -102.16428 87.73115 52
0.419425019303978 0.454348122522177 9.12494718493289 -100.2692 170.5178 54.31
0.600900732989339 0.340673465802546 9.18781575445725 -97.37679 24.76928 51.02
0.552151454611274 0.483120503015077 9.03914016259834 -95.37631 233.1981 53.55
0.522084285173303 0.372110984348902 10.5338989351125 -90.0536 59.75833 50.35
0.399329574701613 0.449977086564503 9.42665256550902 -99.17055 160.6631 54.88
0.392158979437075 0.463230515289138 10.1127417696649 -99.17055 195.7494 53.55
0.455584690854217 0.407713540038798 10.8667938170033 -89.08374 86.07629 50.35
0.510706589392427 0.350907744180119 9.02442744962333 -103.67136 38.09872 52
0.441519998870204 0.375972003072544 10.6754366639313 -88.05112 60.93307 50.18333
0.537755376930304 0.381971007943223 10.5703012984443 -89.98806 63.02401 50.35
0.371968741218691 0.453047464846773 10.7939535607165 -94.43662 171.5204 51.52
0.392057344729753 0.464956226504032 9.7061624321306 -99.28833 195.0797 53.55
0.406048293025891 0.347921420435025 10.2538156112551 -92.59029 35.67427 50.51667
0.480816223514443 0.287532846602932 9.03738075665919 -91.084216 5.644824 50.35
0.35648923510325 0.35117635938655 9.030010165605 -103.77572 38.33242 52
0.380185213723029 0.352865111856707 9.7350487104889 -92.59029 39.09903 50.51667
0.488245652348932 0.488011092184033 9.77815578238469 -94.46002 243.032 53.55
0.395164515122514 0.353831499295781 9.0624897348815 -103.7757 42.2818 52
0.408942069977321 0.348966715103056 10.2640483260499 -92.68746 36.28805 50.51667
0.512294555136384 0.354974206537545 9.00792358866534 -103.77572 42.90395 52
0.429670124557284 0.348426680918021 9.28728816131637 -102.38742 34.91345 51.71
0.546980351967095 0.330954102325585 9.55941871742194 -92.99576 14.27002 50.51667
0.425323996010871 0.33721272647595 10.0687231123087 -91.16418 20.56605 50.35
0.37784890687972 0.359395420546573 9.02065289757435 -103.77572 47.41605 52
0.490882698458137 0.439579903396484 9.21198897830042 -103.7757 137.5094 53.32
0.503395665692521 0.355279580917736 9.25094983357207 -103.88008 43.49132 52
0.39125849996879 0.29914306534761 9.51085980887414 -89.371419 3.479932 50.18333
0.555379271431557 0.342099157295947 9.64022713364119 -93.02493 25.84827 50.51667
0.49287275771099 0.362289575677639 9.05878709548496 -103.77572 50.99884 52
0.393073458136559 0.362316575971746 9.185119736627 -103.77572 51.35216 52
0.393781308567817 0.34653389986052 9.04878179460762 -104.13139 32.41706 52
0.515892441061336 0.354920139314059 9.22459596992643 -103.99786 42.78638 52
0.427528632646157 0.345247007470468 10.029871407117 -93.02393 31.7862 50.51667
0.476751526399046 0.352911240751219 10.1302377220126 -92.84161 42.02532 50.51667
0.420056108040765 0.36131181778906 9.19075264931978 -103.8801 50.0109 52
0.512732015069202 0.485925106336182 9.06158853394934 -94.27769 238.607 54.31
0.422390986514782 0.361639319772705 9.14267434504971 -103.8935 49.53254 52
0.67794088329192 0.349692034965049 9.8232324971538 -92.99576 35.37655 50.51667
0.432942355247236 0.347547251226198 9.19771713412696 -104.1792 34.4585 52
0.433865772754691 0.347879099725501 9.02576958559938 -104.18118 34.72019 52
0.446784231657983 0.356056798930623 9.1294542621086 -104.02703 44.02957 52
0.476428418241169 0.35200473489163 9.11398639185831 -104.13139 39.75323 52
0.403166209180766 0.490179409195154 9.42265089168351 -94.68316 244.176 53.55
0.380791097277813 0.364384486643778 9.0859613562937 -103.8935 53.00386 52
0.662495531121079 0.335918497305248 9.29387609642793 -93.31161 18.64261 50.51667
0.717499501250567 0.365569772293157 9.18912932706031 -103.8935 54.20655 52
0.502286444911958 0.366266594695847 9.19538519541 -103.8935 54.36746 52
0.478947411537696 0.468575377271476 9.71601787985367 -98.37304 210.5874 53.54
0.448123053056461 0.360340456708009 9.31930616639334 -104.02703 49.26225 52
0.661673531740106 0.46289955117036 9.21614472000272 -100.2692 190.3269 53.54
0.391077808898355 0.356332417458757 9.31267109562842 -104.17918 42.40408 52
0.489322163024174 0.317170186313278 9.00948709995933 -93.455794 4.355118 50.51667
0.441994476611229 0.496630071760494 9.5369094953778 -93.58455 254.0691 53.55
0.360654698116966 0.371537573876826 9.30434565237429 -103.8935 56.54444 52
0.392179151492878 0.347669751351673 10.2480818776563 -91.38732 34.24159 50.35
0.468117555900082 0.369310627646025 9.124635447423 -103.8935 57.27209 52
0.429212410108078 0.443061018636862 9.18253361781841 -103.7757 143.2868 53.32
0.435704009522414 0.364339958411798 9.14329867908707 -104.02703 52.80998 52
0.550698066438874 0.400198853256746 10.0615764954311 -98.21512 78.04344 51.191
0.554972625033485 0.494115918138239 9.75141277783038 -94.27769 249.2052 53.55
0.491494177261493 0.349977890176477 9.1152298674052 -104.3635 37.50646 52
0.399417841308899 0.316426748143269 9.57569907353599 -88.347767 4.572291 50.06667
0.47300991487718 0.369786310778157 10.2039139130236 -92.77262 57.15008 50.51667
0.475682512685259 0.470432204990869 9.60102409356006 -98.4774 210.982 53.55
0.442517514556163 0.368189811499987 9.26052568093484 -104.02703 55.01637 52
0.514286622907631 0.360370397738319 10.2959989804903 -92.99576 49.5709 50.51667
0.370693888597487 0.387564294294699 10.175044669154 -92.43514 68.8368 50.51667
0.387977880324116 0.440760879714211 9.65322683602315 -103.8801 142.7453 53.32
0.430437878021756 0.34950241280694 9.47642624102219 -99.44726 35.04414 51.191
0.409457108889784 0.368302555621322 9.22580976210051 -104.10222 54.12989 52
0.366686378026174 0.498862812205195 9.38663298093632 -93.4304 256.8292 53.55
0.504678234331042 0.336349876022688 9.83032077659463 -91.75197 19.83756 50.35
0.405793207909105 0.363475397304338 9.03130028152135 -104.18118 51.83593 52
0.490766325755598 0.4502476650058 10.6033151207697 -97.07468 164.4583 51.71
0.517735261466592 0.353970332057437 9.50163276942365 -99.41089 40.77638 51.191
0.67921381716397 0.487029406643102 9.75237200813061 -95.37631 241.1734 53.55
0.394049502512886 0.489287045198103 9.01243159128592 -94.97084 244.7025 53.55
0.408103687520643 0.333843195985253 9.52377130206937 -98.41086 15.90015 51.02
0.42986193598643 0.457887350894045 10.6748472819828 -94.14894 185.1899 51.52
0.373035562803247 0.305111403637868 9.82050377257256 -88.61173 3.0503 50.06667
0.427627083858246 0.489989444956172 9.60529224700882 -93.87223 246.4484 54.31
0.498208041559177 0.376458533052076 10.013041528363 -99.03947 61.25985 51.191
0.388669269951913 0.396901810038159 9.0141807454247 -103.67136 74.91695 52
0.387433643998051 0.348542727600113 10.3890392576975 -99.60041 36.55179 51.191
0.742440244732811 0.351823138826937 9.32304975276602 -104.58465 38.82956 52
0.458660246475843 0.441476948891319 9.86099794857604 -103.9979 144.2543 53.32
0.441084981016495 0.390830429507544 10.3180505561242 -92.61847 70.86606 50.51667
0.402554592236381 0.391632890822082 10.6040607668348 -98.8029 69.97241 51.191
0.496421476247858 0.40478470883613 10.3310156619702 -92.213 81.90811 50.51667
0.428621834407773 0.399078184888244 9.03140954065294 -103.67136 76.60027 52
0.599955656204653 0.398315809654922 9.16513707720564 -103.67136 76.68501 52
0.588196333325645 0.395530343242351 9.06720701099915 -103.77572 73.71558 52
0.502064210188335 0.338495014311763 9.78721981915279 -91.97511 21.6704 50.35
0.38993797133983 0.441847171023743 10.3102604175336 -103.7757 148.6974 53.32
0.379553073725934 0.33435250155231 9.94481767943829 -92.03068 17.63953 50.35
0.47151175952511 0.3431353221676 10.1901441003054 -91.92632 28.72302 50.35
0.434934399861361 0.491929903905978 9.27761639673609 -93.87223 247.442 54.31
0.585455257654536 0.392689860081702 10.134756672932 -92.69465 71.49661 50.51667
0.546180518771474 0.489896321915491 9.44894094265523 -94.97084 246.9273 53.55
0.363277230028249 0.399983755464468 9.10206703577586 -103.77572 76.20922 52
0.415631293264654 0.363037083005083 10.3151444962749 -93.38061 50.19307 50.51667
0.552985009328378 0.393145270812784 9.10026564761347 -103.8935 73.39382 52
0.374854561499391 0.488257751324534 9.77185521906809 -95.66399 241.2682 53.55
0.362406640825966 0.492215815436143 9.76547597494158 -94.68316 249.653 53.55
0.484352290446306 0.292539357858362 9.33595402191829 -90.273286 4.318961 50.18333
0.368210338265779 0.38685315188953 9.99774933521461 -97.70529 66.53848 51.02
0.46772533763784 0.467881037010524 9.66440587852011 -99.42186 205.6988 53.55
0.56026845181838 0.395310899301187 9.06085271060808 -103.8935 74.1582 52
0.52572472720979 0.390195045000406 10.7508572777541 -89.08032 69.35297 50.18333
0.44560841915035 0.395656335243599 9.34931239830512 -103.8935 74.57553 52
0.532276213184056 0.403526507161849 9.14869597546407 -103.67136 81.04591 52
0.407971800212573 0.484970477635203 9.68299177622693 -96.06945 238.143 53.55
0.375499630662629 0.404805208546779 9.11912795876461 -103.67136 81.39161 52
0.419968782607267 0.397854284376837 9.2724173057861 -103.88008 75.44872 52
0.434294565021113 0.49140171325505 9.3358756295981 -95.15316 246.2031 53.55
0.466224886094153 0.375109777527717 10.3648341457592 -99.3419 59.58069 51.191
0.389935258667908 0.352506306211719 9.41905640673929 -103.2629 40.4453 51.71
0.535566267089164 0.340577114112825 9.20381532471829 -103.48603 25.95853 51.71
0.444093139905924 0.366452915651229 10.5111402636204 -89.66055 52.99099 50.18333
0.585949005365981 0.394213824185384 9.20720974447623 -103.99786 73.29492 52
0.420872778925405 0.367302332140296 10.7203211283915 -89.68973 52.54556 50.18333
0.417087038101429 0.395590904101665 9.13597500356007 -103.99786 73.71724 52
0.517549041561675 0.373205960683903 9.22822134617448 -104.46786 57.66087 52
0.465540385114979 0.395799900736497 9.19021536993896 -103.99786 74.01386 52
0.418658560921347 0.342040004772313 10.06419904956 -92.17763 26.90073 50.35
0.482233725049203 0.444500696605005 9.7363351591227 -103.8801 150.5866 53.32
0.468674738266936 0.387340517465035 10.7268484859067 -89.21872 68.79807 50.18333
0.483721715188629 0.400830135485122 9.02406956131384 -103.8935 77.5975 52
0.488481905119851 0.369122442081369 10.3370353739785 -91.59781 55.64962 50.35
0.440861918809266 0.398381952324061 10.8049177148861 -88.92959 76.72288 50.18333
0.471085699381307 0.356365545575705 10.5096171461464 -89.94824 43.93954 50.18333
0.459058984281819 0.443933331085517 10.0456722836933 -103.9844 149.2888 53.32
0.372497167015412 0.383161940578751 10.7485506145186 -89.30488 67.04102 50.18333
0.476564969936776 0.48840408747452 9.37516919377648 -95.66399 242.8607 53.55
0.451925163419722 0.366065747999045 9.22897207268915 -104.62547 53.31528 52
0.501215533352461 0.404109762090701 10.7510845042904 -98.73969 81.38051 51.191
0.530843837387499 0.398745979905513 9.18030718685567 -103.99786 75.86904 52
0.51294728179947 0.39257207427657 10.0917827975698 -99.05422 72.90136 51.191
0.387462853679642 0.40385029500025 9.18768434622005 -103.8801 79.3432 52
0.403689999726947 0.406788437661332 9.27145289391909 -103.67136 85.20292 52
0.377750976062697 0.379020458772061 10.0044109883721 -93.29586 62.13008 50.51667
0.523299944288151 0.395086865282752 9.33485826771101 -104.1022 73.8243 52
0.541294714894301 0.34647450235681 10.2384543363327 -92.19825 32.67921 50.35
0.389431833233448 0.37552969470885 10.8059857803059 -89.59602 61.26568 50.18333
0.435797353358738 0.406950194546809 9.06719217296001 -103.77572 84.15259 52
0.379748747243661 0.42116061033394 10.2009608396663 -97.94086 102.1106 51.191
0.359438150087516 0.372114590346639 10.6415057652524 -93.48119 57.96628 50.51667
0.519300047564077 0.408774673331586 9.30704544516283 -103.67136 87.37017 52
0.526766004360808 0.410773868299532 9.50800835044705 -103.67136 87.44677 52
0.419755380141356 0.398090686447755 9.23401372402708 -104.13139 74.81044 52
0.512684131708474 0.496441957349237 9.03824182917131 -94.56538 253.1173 53.55
0.430233934372154 0.386905243362044 10.2026634456419 -93.24707 67.28426 50.51667
0.46889805463515 0.443702663361034 9.16973828191131 -104.3635 146.0388 53.32
0.477117734519305 0.410572990013473 9.37975989696918 -103.77572 86.29815 52
0.494731467860803 0.407614153261256 9.43366630727268 -103.77572 86.33001 52
0.52248918861741 0.389812460410449 10.7410101067731 -89.43741 69.27159 50.18333
0.461701405657191 0.41048066111519 9.26408361989795 -103.77572 86.41779 52
0.38086204284439 0.350847092741689 9.19446814841231 -105.09547 38.15589 52
0.551993948380959 0.370293556726485 9.40021364467498 -104.759 55.50668 52
0.426236997674413 0.396988899165173 10.0418551564092 -99.18775 74.46955 51.191
0.618963674129654 0.411245746758275 9.22226626723248 -103.77572 87.28586 52
0.437113421989897 0.394743358808378 9.6565959239981 -104.23575 74.63518 52
0.736507438298523 0.349858578061485 9.30448356785097 -105.16446 36.67869 52
0.510517444512394 0.400250215563196 9.63307065392738 -104.11564 78.41383 52
0.473885125225432 0.398364760611621 9.25478130068232 -104.22 75.56795 52
0.420927568079957 0.352238657793967 9.63598021682084 -98.8039 38.18398 51.02
0.574057333722411 0.355411467525417 9.38843263818933 -105.09547 41.71313 52
0.500029534035324 0.409247948000704 9.304288401349 -103.7757 88.0793 52
0.392564039948438 0.491025290414532 9.35931211168734 -95.66399 245.1425 53.55
0.397888901534158 0.339178511636679 9.87679083683586 -94.34569 23.05951 50.51667
0.405393280979957 0.411736009164942 10.2945211542882 -92.51311 89.59645 50.51667
0.497250485234576 0.367874470863901 9.26643471621026 -104.87333 53.35295 52
0.619174920053488 0.407075369125285 9.49339203581162 -103.99786 82.81764 52
0.422603972246153 0.404525841412594 9.39842497857226 -103.99786 83.00695 52
0.53584564037969 0.406683297256089 9.38885665649758 -103.99786 83.15006 52
0.381414135598796 0.414295954867342 9.74417267582665 -103.67136 91.65705 52
0.378306265396203 0.411151698015456 10.0489975225062 -98.71329 89.40509 51.191
0.455916529852454 0.366019652071652 9.3988677922213 -104.91315 53.04399 52
0.437455683423994 0.357334600767738 9.33702901759632 -105.09547 44.69201 52
0.506044849014563 0.40620609112393 9.43861186839355 -104.02703 82.99167 52
0.486870435346139 0.387960106228872 9.06804248766236 -104.4871 69.2386 52
0.525664342323093 0.39922724109117 10.6084351520063 -99.25051 75.7463 51.191
0.469884889119922 0.395859556281827 9.41463719076182 -104.35353 73.59881 52
0.492115270479428 0.396521596876549 10.3851731023755 -99.2993 74.46119 51.191
0.48614261124454 0.363452391627792 9.73816703448608 -99.97948 51.66731 51.191
0.435560157833961 0.354143219881254 9.45852265368287 -105.20083 40.49747 52
0.364624514976156 0.411658107935609 9.47640803100288 -103.77572 90.34428 52
0.438050375378802 0.393601966809081 9.56573610135587 -104.35353 74.42175 52
0.505042220444188 0.446842755133543 9.16887130674805 -104.1812 151.4796 53.32
0.493510548956755 0.384959991704376 9.21221721463365 -104.58565 67.20337 52
0.459372818637389 0.395310152278934 9.17752468902071 -104.35353 74.78591 52
0.396870857058792 0.468224083608168 9.7088744703951 -99.75833 207.6091 53.55
0.471234678015882 0.398530444540616 9.21032635048053 -104.28554 77.28668 52
0.489548813179941 0.448200883591206 9.32820370281601 -103.8935 156.1379 53.32
0.44340431547304 0.415335959788226 9.44829540373944 -103.67136 94.00942 52
0.442132693832791 0.48767670359423 9.50182423675907 -96.06945 242.8122 53.55
0.407388912298086 0.413481389364082 9.01386760328861 -103.77572 91.48911 52
0.87364271085684 0.420085110456482 10.2733840598655 -92.19725 99.31588 50.51667
0.628587969319432 0.389204168744216 9.22492994827236 -104.53686 70.45207 52
0.530842860040108 0.40265423509039 10.3458786487814 -93.09292 79.38247 50.51667
0.525161081242272 0.41438105111779 9.04594435269177 -103.77572 92.00199 52
0.555988548833811 0.329400801439633 10.1391055060115 -90.8755 12.16929 50.18333
0.486920542998278 0.355147055685665 9.61101959084073 -100.2672 41.8187 51.191
0.380379327648122 0.411831315714211 9.48515474178637 -103.8935 89.16885 52
0.390999623618474 0.405331901548052 9.38049299119291 -104.18118 82.13048 52
0.40526892580726 0.411146352199533 9.22678027602358 -103.88008 90.07353 52
0.483819722945264 0.377592708845952 9.04126080718629 -104.759 64.18632 52
0.531865554090057 0.361834187311572 9.2249964660679 -105.09647 50.93291 52
0.414884915094278 0.408519656201933 9.34982736864069 -104.13139 84.29402 52
0.543801257604443 0.364321405363782 10.407909043087 -98.74069 52.43143 51.02
0.479300458597993 0.327564439824887 9.50679630772315 -92.8914 10.56613 50.35
0.445096449005594 0.361868935454717 9.42673406898812 -105.20083 48.01333 52
0.37694534285425 0.3588074708527 10.4746845534818 -94.19873 46.22564 50.51667
0.487010484169042 0.475918325313576 9.57404029388223 -98.59518 220.6249 53.54
0.516036157516284 0.410306306541507 9.32196580071 -104.02703 87.67075 52
0.638299581541132 0.408339915150619 9.67984105399763 -104.10222 85.74789 52
0.495263002061533 0.415657405067447 9.09986382903099 -103.77572 94.16191 52
0.536656691909491 0.408589142128394 9.50362744521777 -104.11564 85.63073 52
0.431498988122996 0.399668361212505 10.2250803662249 -93.28344 77.29369 50.51667
0.473532368193604 0.354126476851112 10.4654724244515 -98.97625 43.42263 51.02
0.448463073650677 0.411069271837547 9.51821015580255 -103.99786 89.08623 52
0.71979938909718 0.415170312435739 9.22418373441574 -103.77572 94.57564 52
0.486790956294919 0.363996020371916 9.41031304667921 -105.16001 51.32942 52
0.681721722135701 0.364160740448837 9.31149907932908 -105.16446 51.53152 52
0.373275703168964 0.410749849438217 9.62721351345209 -103.99786 89.34553 52
0.367722638358023 0.413446702265837 9.81351674354312 -103.8935 91.96432 52
0.370340456146698 0.38248292497491 9.01748292425359 -104.80779 65.62039 52
0.526377738278258 0.39153096302913 9.67046064108083 -104.60485 72.36569 52
0.488746275598019 0.416544396730879 9.41517299481126 -103.77572 95.21984 52
0.386698512680092 0.418366954264991 9.2014044356733 -103.67136 97.75449 52
0.375264777764849 0.502047961005232 9.19932474662186 -94.27769 259.0813 53.55
0.574451285739305 0.344724622743835 9.03468215460494 -105.5665 30.8418 52
0.462005707820152 0.496886117352775 9.42176764485058 -94.97084 253.5901 53.55
0.383227372199165 0.40894579325075 9.72070138464851 -104.18118 85.47555 52
0.412868796969808 0.402540713979278 9.28540331354652 -104.3899 79.86383 52
0.487218362178691 0.411230857817288 9.5920490316021 -104.02703 89.73472 52
0.433104199363658 0.415566252413497 9.33575622270978 -103.8935 93.0577 52
0.362838301393239 0.403869394096828 9.50553627793969 -104.3899 80.08588 52
0.392012494802963 0.417353266500414 9.01978854104322 -103.77572 95.95861 52
0.427886874505845 0.47541118383935 9.70672933304583 -98.88286 218.8028 53.55
0.39468534201755 0.387745923818188 9.5443959334378 -104.73838 69.98029 52
0.368226324009452 0.414576792306769 9.39112072488143 -103.8935 93.70737 52
0.462380471311914 0.475010713082451 9.87745581194303 -98.72871 220.5296 53.55
0.736202297839865 0.417435072325869 9.61558093007701 -103.77572 96.69349 52
0.481486324119726 0.449415493009996 9.1249253850821 -104.1812 155.3662 53.32
0.500306672676962 0.468482667213444 9.22761335980589 -100.2692 204.9033 53.55
0.433479373326203 0.400487161595572 9.50039642727852 -104.46786 79.52637 52
0.523941445850058 0.402214115658397 9.71906934734783 -104.5077 78.9476 52
0.364139426732633 0.448091445615236 9.28267087919387 -104.1812 156.0234 53.32
0.662191927029904 0.415851924976014 9.80952221268456 -103.8935 95.1182 52
0.416785906422471 0.41691220686023 9.41707753122115 -103.8935 95.17628 52
0.406023374237516 0.389420575943642 10.7566596556584 -93.76887 68.52078 50.51667
0.406292180976813 0.420309140770399 9.15395335515914 -103.6714 100.4297 52
0.395644226725329 0.443592772187769 10.2158949561922 -104.6255 149.5672 53.32
0.370496026683536 0.28959230283589 9.22041568489739 -89.765914 6.010337 50.06667
0.492851447466867 0.407730079131038 10.6172606068096 -99.32515 83.8613 51.191
0.462364253865534 0.468790038831346 9.52682165465568 -99.28833 206.1907 54.31
0.595981431032418 0.425269850222305 10.5899936855824 -97.99197 113.4625 51.191
0.488715410585473 0.416416347431205 9.61788984790958 -103.8935 96.11276 52
0.461281154576227 0.402725951606053 9.54233327595424 -104.50768 80.29518 52
0.496483694002025 0.421182706613296 9.4700289604772 -103.6714 101.6002 52
0.460566457103737 0.447274587102289 10.0073414893547 -104.1156 157.8483 53.32
0.553165920756617 0.341970485309451 10.0170514981282 -99.49705 26.39366 51.02
0.589930005171083 0.419761611137721 9.49381116289851 -103.77572 99.97303 52
0.604721008264689 0.382006116793172 9.39424773441565 -105.07485 64.15478 52
0.617272301970019 0.41988419340892 9.77597192001847 -103.7757 100.2755 52
0.471404191357379 0.405602378328199 10.5336498453943 -99.53587 81.10969 51.191
0.833290554734923 0.420931702733476 9.23895901195833 -103.6714 103.2184 52
0.488571692506414 0.404302767201525 9.73198049399152 -104.60485 80.12085 52
0.371300360014756 0.356122550972038 9.37460748394696 -105.5857 43.8341 52
0.394373917992794 0.404615633876767 9.57506000845952 -104.53686 82.13763 52
0.359070900247788 0.420641533952014 9.29975031337899 -103.6714 103.6768 52
0.71524850076285 0.416197793158653 9.64564382205291 -103.99786 96.61921 52
0.563999342415487 0.390665694656916 9.56063274413935 -104.9132 71.8972 52
0.391447328625239 0.458057532070024 10.7711528642254 -95.83534 181.1008 51.52
0.416094503219418 0.391410242329084 9.23689931881061 -104.91315 72.04263 52
0.53310853379666 0.371467013754818 9.21814118519617 -105.31862 57.85168 52
0.432267113381723 0.38524898845486 9.10079657503991 -105.07485 67.10785 52
0.630896750584113 0.402668658282683 9.72797763115776 -104.64122 80.55104 52
0.430162635068155 0.42106648488206 10.2801886071182 -92.48493 103.69898 50.51667
0.473710852678262 0.422044031031147 9.42672130113845 -103.7757 102.2389 52
0.509184719070284 0.449804016583791 9.54129432925436 -103.9979 161.4379 53.32
0.503155534015119 0.511029686599591 9.85538156911994 -93.58455 267.1151 53.55
0.482550701845158 0.475650960263771 9.49064582750781 -99.06519 219.8114 53.55
0.623898556830543 0.496312636686163 9.78541951845452 -94.27769 253.9555 54.31
0.446484504020146 0.450907015619759 9.42871949966101 -104.027 161.3613 53.32
0.482663147805817 0.377308201584406 10.5202757273148 -94.21593 61.89239 50.51667
0.606330976383588 0.422253844513037 9.77310660204819 -103.7757 103.3375 52
0.701580050921221 0.452409486639301 9.26946015459138 -103.8935 163.6198 53.32
0.555918381000539 0.402728458293629 9.64505717041407 -104.73838 80.01166 52
0.514979397006321 0.359312509842818 10.4530862116951 -92.81244 49.27647 50.35
0.395732961687932 0.502547477754764 9.06797362390923 -94.27769 262.3673 53.55
0.359752583633921 0.474568113912128 9.36732754054969 -99.57601 215.4929 53.55
0.438733885874972 0.389015576018169 9.99780332738902 -100.0069 72.3687 51.191
0.428892957556959 0.418975499520905 9.62311353500763 -104.02703 98.60147 52
0.520634391044348 0.350768847756076 9.31944502293802 -104.3615 37.03082 51.71
0.413687986095664 0.418873230870349 9.83788457359386 -104.02703 99.59782 52
0.421230866275835 0.404537783470352 9.45190216476846 -104.759 81.15895 52
0.417358540752631 0.409643809353905 9.78007807818485 -104.48707 88.57721 52
0.376084512822782 0.419298251714298 9.81156612334757 -103.8935 102.7463 52
0.646208970008167 0.448428157749641 9.68429604125348 -104.1156 161.8016 53.32
0.479793973833774 0.402836783786792 9.61921947744183 -104.80879 80.20139 52
0.414153818755136 0.413301260340823 9.72765155898659 -104.35353 92.28995 52
0.691462586915661 0.419688974893012 10.0648450180205 -103.8915 103.1833 52
0.471325307905731 0.474734289356554 9.7673245638645 -99.42186 217.9009 53.55
0.476780749585669 0.384029680439405 10.7009431716697 -90.55623 65.47127 50.18333
0.366668770367745 0.373955525009723 10.3722331141926 -99.15858 59.69246 51.02
0.418214065229646 0.414419641220669 9.91537284734745 -104.28554 95.24419 52
0.479681989177263 0.475685818152764 9.48433795653161 -99.28833 219.6879 53.55
0.445708624457428 0.451420424238179 10.084451664471 -103.8801 165.9369 53.32
0.472492137193373 0.42364082211424 9.42645078015342 -103.7757 107.1239 52
0.364395952755312 0.369160213027841 9.27188787932352 -105.6063 56.30932 52
0.363064486135471 0.48142780683153 9.85528550793818 -98.32325 229.3061 53.55
0.396259040735796 0.452009193283325 9.39389331904444 -103.8935 166.2118 53.32
0.519601869236276 0.504433227511996 9.45904405840393 -94.68316 260.6172 53.55
0.61163342734221 0.388380190127203 9.12611145652231 -105.229 70.22157 52
0.402954276615577 0.405754206003231 9.56366585733468 -104.71918 85.31199 52
0.40132887767656 0.378669919921396 10.5890447706281 -94.43908 62.6127 50.51667
0.364828375375285 0.398294997782524 10.4638112688267 -100.07487 75.67718 51.191
0.51830546787113 0.422243409286276 9.88506502726092 -103.8801 105.5863 52
0.373239170554205 0.35678519077365 10.4529275923073 -99.60141 45.5747 51.02
0.472377341018804 0.415836216383613 9.74232222209543 -104.28554 97.48792 52
0.49597981212544 0.423107026343989 9.47414448761418 -103.8801 106.5297 52
0.476349727606425 0.421818603764933 9.84982682352243 -103.9979 104.1692 52
0.799439777008087 0.424674523429612 9.32103988136779 -103.7757 108.9125 52
0.87852174172149 0.500089584972686 9.23391499921965 -95.15316 257.553 53.55
0.435832754142197 0.408844011086301 10.4578550892204 -99.74736 86.75314 51.191
0.382964204450505 0.411959047087148 9.63639213475114 -104.69101 88.52835 52
0.48827722354808 0.405011924949991 10.5724797774472 -98.57976 81.96892 51.02
0.477946956594014 0.407283448658903 10.5139470410397 -99.90151 83.18306 51.191
0.36778510188328 0.359455082678836 9.74723294979637 -94.96984 47.74228 50.51667
0.429999110199896 0.424010681346059 9.95232239788963 -103.7757 110.1746 52
0.37088698234538 0.400655394802788 10.3574378205487 -100.12466 77.75585 51.191
0.388183474100148 0.402954422567075 10.2267702141821 -98.69854 79.57953 51.02
0.485872577541513 0.360211372628594 10.3479951101636 -99.62958 48.44481 51.02
0.559204903229123 0.416424202676399 9.73630761707624 -104.3635 97.70045 52
0.373362837281064 0.427227574246644 9.51322019491147 -103.6714 112.6686 52
0.574442186825836 0.401884284121046 9.70677496592307 -105.04668 80.57091 52
0.513369989022202 0.452419731205201 9.14503513620672 -104.1812 164.5373 53.32
0.357867024887607 0.386399511793978 9.4704837837685 -105.41132 69.66086 52
0.45700460997812 0.413888986990693 9.83541976702679 -104.53686 94.15303 52
0.384783099356311 0.425143866330257 10.0405656319797 -103.7757 111.5971 52
0.420042418314185 0.475338863165232 9.60977390658861 -99.42186 220.7817 53.55
0.626658767728768 0.426186506264326 9.44679448121749 -103.7757 111.6334 52
0.389027704619498 0.419009117899078 10.8090586868515 -99.3429 98.98729 51.191
0.446537284121727 0.428366937690985 9.31822569585516 -103.6714 114.1235 52
0.427277011443707 0.393692940613622 10.498396238194 -94.38105 72.09705 50.51667
0.474379229977766 0.422849003761588 10.8173846638377 -99.00543 106.8049 51.191
0.495210884469446 0.425756355362202 9.29052683409744 -103.7757 112.5355 52
0.440381772558839 0.368430859209244 9.45328879330059 -105.89398 54.81239 52
0.484779541420144 0.497513737775623 9.11687337031992 -95.37631 257.3262 53.55
0.40342329124061 0.427751219040568 9.59651997184445 -103.7757 113.1453 52
0.667579047884155 0.5014494506458 9.64760644272901 -94.97084 260.7234 53.55
0.375163339882171 0.476592863428167 9.77706126678147 -99.28833 223.0799 53.54
0.482258047259836 0.505597662458231 9.64433650170348 -94.68316 263.3883 53.55
0.364285032479816 0.425529414591629 9.5883338890773 -103.8935 111.8765 52
0.447505796793734 0.451422089161832 9.46722935610011 -104.3635 164.468 53.32
0.609230715090164 0.42979412813338 9.31640009689238 -103.6714 116.693 52
0.424624579934428 0.395801906649861 10.4392188715437 -94.42088 74.59033 50.51667
0.367326328197973 0.41651659376702 9.74900492917855 -104.69101 94.82963 52
0.370203487875337 0.425068024384096 10.0086547271501 -103.8935 112.6766 52
0.38101666266126 0.412604958224454 9.79390044266707 -104.82354 92.60129 52
0.400439789269241 0.417651599786454 10.7858188682146 -99.56504 98.67946 51.191
0.701361601233741 0.414811215645363 10.4555841171818 -99.78373 93.92989 51.191
0.440821486716979 0.426164959963814 9.54277747606523 -104.027 110.995 52
0.459417461226208 0.428740626011898 9.14829389076907 -103.7757 116.0536 52
0.370954588069947 0.390619766995758 9.49666718325546 -105.6063 71.52032 52
0.39330467181384 0.424178843465463 9.69647767690222 -104.1022 109.6808 52
0.375496058777984 0.477806640473951 9.37935660023731 -99.28833 224.527 53.54
0.433552689405584 0.472110958443477 9.38139090767509 -99.57601 212.3356 54.31
0.36005109353912 0.509500591892747 10.0001456968033 -94.46002 266.1702 53.55
0.483764832970997 0.428823046133755 9.26273731373926 -103.7757 116.5112 52
0.393650295270037 0.428867774329189 9.44661849798221 -103.7757 116.7174 52
0.426635439739609 0.512639243208985 9.34216931937472 -94.05455 269.4196 53.55
0.410047926599022 0.502346318938322 9.37855949784937 -95.15316 260.9692 53.55
0.374526823084625 0.472219259112305 10.8304811292928 -96.17281 216.6724 52
0.764623381725417 0.405129973678591 9.750216599698 -105.33436 81.87971 52
0.474252591847645 0.429114260623028 9.40322328242875 -103.7757 117.6411 52
0.392585683903442 0.420882759101937 10.641929910881 -99.45868 103.2109 51.191
0.384275307115094 0.405912758709613 10.4917648680982 -100.41234 81.08995 51.191
0.372521474699785 0.430684449540623 9.29964968755084 -103.6714 120.3707 52
0.478980742904474 0.476021888602991 9.09780744940504 -99.98148 218.8239 53.55
0.526786425774054 0.497568629349003 9.38402084560889 -94.97084 255.3517 54.31
0.465737522118222 0.427597936519507 9.94635809572519 -103.8935 116.5804 52
0.443925119836345 0.430060348674497 9.30731530581549 -103.7757 118.8849 52
0.463508908135273 0.489163851423875 9.09274862650238 -94.27769 244.466 54.88
0.805464881706808 0.452571695959935 9.01302225637488 -104.5866 164.9183 53.32
0.387259580427084 0.477563846462657 9.50284635592141 -99.57601 223.4913 53.55
0.384881726618109 0.409182542663672 9.84948078689677 -105.229 87.75343 52
0.489793801411496 0.428862384506771 9.86871494505978 -103.8935 118.1854 52
0.380870493913807 0.52096875123246 9.04416050525213 -92.73725 273.433 54.31
