1 0.317017209752334 9.27959630794499 -76.799703 5.418779 52
1 0.304062657761041 9.08270963924251 -76.135727 2.618242 51.71
1 0.320388846364472 9.70599240228249 -77.677625 6.120611 51.71
1 0.38187618880288 9.74737189243284 -78.60288 65.61141 52
1 0.298468264551116 9.45547018150731 -76.356869 3.717582 51.52
1 0.314980652786077 9.04892300026122 -78.253989 3.694318 51.71
1 0.319527979327409 9.26977597795627 -76.982024 5.078111 51.52
1 0.298697662615121 9.15472815414582 -77.32673 3.4402 51.52
1 0.381213117088489 9.56221377375504 -84.54656 64.35226 53.55
1 0.314603538536396 9.34734336938216 -77.59721 3.525782 51.52
1 0.382435947943025 9.81677030885367 -79.91222 65.82288 52
1 0.315187876341837 9.17062044262123 -79.155857 3.585733 51.71
1 0.382678342123892 9.8909882028921 -80.21232 64.25098 52
1 0.316822471186814 9.31964889330474 -77.966307 4.657683 51.52
1 0.392012852870243 9.93837399932731 -80.09554 70.56887 52
1 0.310120192050809 9.33546003637593 -78.098838 2.713693 51.52
1 0.381883743577171 9.67219024007844 -80.56554 64.2542 52
1 0.388763465412202 9.81562920965844 -80.55212 69.44461 52
1 0.381881443460888 9.80080294817769 -80.92122 64.35727 52
1 0.383477167590986 9.93609969710801 -81.039 65.81441 52
1 0.388948443153943 9.98995332248761 -80.97001 68.88134 52
1 0.387016358879044 9.791461854696 -81.07537 67.59828 52
1 0.381063584497671 9.7924640908012 -81.25769 63.55143 52
1 0.395858571525316 9.94944940347356 -80.89305 73.79694 52
1 0.323501133267073 9.59110377685286 -82.686807 7.921479 52
1 0.38196956149487 9.79611583082083 -81.58619 65.06606 52
1 0.395511478792936 9.95783061322474 -81.48083 73.62631 52
1 0.377871385351675 9.7863475570395 -86.88351 62.80502 53.32
1 0.317770388686017 9.06619586600194 -83.631269 4.435162 52
1 0.370621178572267 9.83165190663217 -83.27259 56.29041 52
1 0.309866375466244 9.13906893905159 -82.322617 2.964765 51.71
1 0.385830081537841 10.5873939607629 -83.27937 66.11367 52
1 0.379710661700929 9.73592420329805 -83.56128 63.90696 52
1 0.387614151988566 10.5802569215635 -83.5777 67.80144 52
1 0.319043986119851 9.28867097282723 -82.973489 6.049689 51.71
1 0.380997576687882 9.85618627046426 -83.9012 64.82686 52
1 0.389492557103218 9.69867985444416 -84.00756 70.94648 52
1 0.368075386189062 9.87690638765514 -84.63517 54.23326 52
1 0.385716864974531 9.62016396988142 -84.18988 67.99443 52
1 0.383976259566201 9.69492439614632 -84.34749 65.01496 52
1 0.387876942727278 9.87138834806235 -84.12535 71.69201 52
1 0.404249748440274 9.99311856655946 -83.73563 81.0622 52
1 0.365614797798019 9.64871442420804 -84.99981 52.90508 52
1 0.374579854080882 9.87377839274417 -84.87061 57.35794 52
1 0.374034904352958 9.87598594842113 -84.88303 60.32902 52
1 0.377812988538528 9.406088391283 -84.83424 61.83158 52
1 0.38902324147156 9.76127257251465 -84.63517 68.20294 52
1 0.376871037036773 9.54471843486834 -84.98739 62.10668 52
1 0.386885754484381 9.75057141870685 -84.76525 68.4189 52
1 0.391844315655358 9.74858563338048 -84.70071 70.2607 52
1 0.373579153513978 9.64998645181217 -85.16971 58.82448 52
1 0.385567020162861 9.83267623912281 -84.92285 66.3305 52
1 0.386923249085539 9.82742495486576 -84.88303 69.31702 52
1 0.368273442545501 9.75627481790323 -85.39286 54.41299 52
1 0.38731426676442 9.66931563841132 -84.95102 68.54311 52
1 0.378646473499565 9.71040640651535 -85.21053 62.24709 52
1 0.387385553819798 9.73840567202235 -84.98739 69.01535 52
1 0.382467162717837 9.87342003864126 -85.10617 65.9525 52
1 0.364026583596203 9.61758725043355 -85.616 49.60469 52
1 0.373588436654394 9.7499566544286 -85.42103 58.70076 52
1 0.372397742352316 9.82311573413438 -85.46185 57.96815 52
1 0.376175437410268 9.60668844457775 -85.39386 61.5703 52
1 0.389621728609515 9.88685228617793 -85.10517 70.07493 52
1 0.384188627232481 9.788554792869 -85.17071 68.32578 52
1 0.375013066362862 9.80922243382113 -85.4584 60.72785 52
1 0.385850493808269 9.69952817994315 -85.27507 67.34776 52
1 0.388446181656358 9.84493339478025 -85.17071 70.5967 52
1 0.355026590983271 9.71997358932369 -84.14109 42.93228 51.71
1 0.384098402374389 9.92973397857483 -85.39286 65.35475 52
1 0.377151452520201 9.80322625494788 -85.47082 63.14871 52
1 0.317532512960999 9.12759274854714 -83.264625 4.655929 51.52
1 0.350806332269097 9.5801449095752 -84.32442 36.69836 51.71
1 0.386285607605855 9.7622672023144 -85.39286 66.26378 52
1 0.383106054672047 9.80992405548048 -85.39386 66.51591 52
1 0.330004950422884 9.85053954371224 -83.26462 13.74204 51.52
1 0.385267016934578 9.84728689711349 -85.39386 68.37391 52
1 0.389645745398882 9.82013685695522 -85.27507 71.65452 52
1 0.391643595774101 9.71738483439085 -85.39286 71.02155 52
1 0.381235454868392 9.40410354136772 -85.70971 63.52968 52
1 0.395164912469538 9.93094376678626 -85.34407 73.88406 52
1 0.393747258362513 9.78204292132556 -85.39386 72.75828 52
1 0.387434247990791 9.8846068806967 -85.52639 69.28451 52
1 0.389877089450394 9.74635206663128 -85.51064 70.04245 52
1 0.386554654916918 9.81387082329497 -85.68054 66.16757 52
1 0.385036082515666 9.45776045276763 -85.64517 67.28628 52
1 0.373582545331976 9.73277700488163 -85.93185 58.86692 52
1 0.387747566512049 9.84804108230157 -85.57618 69.36749 52
1 0.395871398200418 9.9324594681055 -85.38043 74.58697 52
1 0.387791826012342 9.64696342928141 -85.616 69.21336 52
1 0.403929071958633 9.95659729949489 -85.21053 79.79366 52
1 0.39376958107233 9.94861657003612 -85.49822 73.38574 52
1 0.373621988420883 9.81804682348256 -86.02147 59.09075 52
1 0.409013943898147 9.93334731931531 -84.98839 85.81747 52
1 0.389729512597773 9.91000489909577 -85.616 70.99607 52
1 0.388424027636852 9.58324736542804 -85.68154 71.06685 52
1 0.375566084395483 9.69644301810091 -86.086 62.89091 52
1 0.367268504941142 9.4950168455719 -86.49147 51.30163 52
1 0.378843697358574 9.74206236646362 -86.18417 61.95612 52
1 0.378932974177322 9.8389848634483 -86.19136 62.20537 52
1 0.384822767780693 9.82252194543285 -86.04618 66.85976 52
1 0.398496835784828 9.9659107327773 -85.7859 76.50041 52
1 0.400616795468105 9.90229793600051 -85.7777 77.17297 52
1 0.379634573434039 9.27077500068779 -86.2975 64.26423 52
1 0.391954951943045 9.83350364775811 -85.98164 73.09007 52
1 0.310702581409521 9.34133234411547 -81.338333 2.559168 51.191
1 0.398392441719076 9.95270064399505 -85.86731 76.90551 52
1 0.315351102436468 9.13100551425456 -81.368505 3.973132 51.191
1 0.311963693539431 9.09103188086207 -81.403872 3.163264 51.191
1 0.386007937630428 9.98189028645076 -84.36324 68.71905 51.71
1 0.379374769130325 9.71748580358618 -86.47905 62.2241 52
1 0.377321935860389 9.30468549177063 -86.52064 61.89112 52
1 0.392501785633083 9.87077994251812 -86.086 74.05169 52
1 0.394689370858005 9.79354824617678 -86.086 74.38524 52
1 0.382012425151405 9.80397547426129 -86.38711 66.67355 52
1 0.405780762036618 9.94052183317615 -85.79932 81.59893 52
1 0.389046977280791 9.92489557379612 -84.47657 68.03381 51.71
1 0.349625351905555 9.70850496038036 -87.24219 35.23175 52
1 0.382232308267879 9.26863305282063 -86.52064 64.81732 52
1 0.39135867384099 10.6368314938224 -84.43743 71.21815 51.71
1 0.397007335568649 9.73442134160674 -90.50885 75.61925 53.32
1 0.385885921982141 9.76934015079675 -90.79653 68.20806 53.32
1 0.350472077580847 9.40749553285408 -85.52739 37.4276 51.71
1 0.369801928276525 9.50240583892679 -86.89793 56.86226 52
1 0.379504114288075 9.5056976915431 -90.97886 64.39306 53.32
1 0.398726026900272 9.97873194679595 -84.41203 75.96245 51.71
1 0.403169256365335 9.88662482254621 -86.05064 81.7119 52
1 0.384492590021026 9.3178947622436 -91.05682 66.61351 53.55
1 0.376669229403003 9.8896418794597 -86.91268 61.33385 52
1 0.316643174244358 9.30596954565322 -81.894079 4.599016 51.191
1 0.403032192377437 9.96491331162795 -86.26933 79.71732 52
1 0.356123878826173 9.74559141904764 -85.616 44.27959 51.71
1 0.3764326020038 9.55687847101011 -87.00229 60.82104 52
1 0.407601292901643 9.93744857124911 -85.98164 87.74833 52
1 0.378890024992132 9.71453697053927 -86.96247 63.40952 52
1 0.374843447105946 9.62925712885445 -87.06783 60.58711 52
1 0.390610203017519 9.92784323425754 -84.90223 70.33451 51.71
1 0.393903304785026 9.82243617966756 -86.59683 74.78322 52
1 0.36224145653578 10.5944894908517 -84.17991 49.58736 51.52
1 0.338916106282592 9.40920313712712 -87.93533 22.4884 52
1 0.392367308780225 10.8635248859514 -83.47334 71.68221 51.52
1 0.401277490854471 9.90003005901361 -86.49147 78.25588 52
1 0.375419658962809 9.704817950336 -87.17219 60.47157 52
1 0.389903232845827 9.6518240840082 -86.88451 69.077 52
1 0.374010386007719 9.77656214294501 -87.18462 60.35119 52
1 0.385708842103126 9.68950546949462 -91.16118 69.13275 53.32
1 0.346647102698763 9.63594904668301 -87.90616 31.4296 52
1 0.388722146347433 9.85909079191835 -86.88451 70.37742 52
1 0.409357777781285 9.97402243115466 -86.20479 87.17507 52
1 0.303771553933332 9.60722659299805 -82.200379 1.752135 51.191
1 0.33856823817388 9.38472251331638 -88.10191 22.16769 52
1 0.398514892352771 9.83263112406455 -86.71461 76.97475 52
1 0.381797348027184 9.87721080679881 -87.18562 64.38027 52
1 0.370042418037362 9.72361609992577 -85.60435 56.3831 51.71
1 0.386769414144067 9.76857963260214 -85.24767 67.49101 51.71
1 0.386103190826865 9.49026659975569 -91.3435 68.17035 53.32
1 0.386908494280523 9.82336266833723 -87.12008 67.2492 52
1 0.301767742210155 9.1274912226701 -82.319163 2.726774 51.191
1 0.411041078051696 9.98639080660168 -86.37469 86.49425 52
1 0.370506651584713 9.50419206164232 -91.78979 55.39474 53.32
1 0.390680258189877 9.67535383764514 -87.00229 72.25456 52
1 0.310763446540826 9.15010224965673 -82.403904 3.536733 51.191
1 0.385384707729635 9.68247690979828 -87.18562 68.62964 52
1 0.330325803500243 9.38585823244898 -88.37617 12.55848 52
1 0.372210631124268 9.76077905102743 -87.57766 58.49763 52
1 0.371893164311398 9.89190567904339 -91.84536 57.60203 53.32
1 0.315648309979689 9.58018425174328 -82.479093 3.841025 51.191
1 0.315789453923293 9.48406164091795 -80.834287 4.253312 51.02
1 0.330976025235254 9.86298639659682 -86.627 14.93 51.71
1 0.397382509119541 10.0671694624935 -87.00229 75.84268 52
1 0.386237866708377 10.4361699883284 -84.12912 65.95264 51.52
1 0.310870970634493 9.05848033663089 -82.52169 2.80256 51.191
1 0.369708303616509 9.63431254210215 -87.72461 55.42159 52
1 0.389988533257374 9.77448062561147 -87.3024 70.2625 52
1 0.37959503074989 9.67590193212347 -87.59108 62.40375 52
1 0.337171927566143 9.60810865552729 -86.68977 20.11146 51.71
1 0.292512004593048 9.40119053060646 -82.63502 4.94821 51.191
1 0.297382003479721 9.1238357358619 -80.988438 2.669213 51.02
1 0.375428610067284 9.74884169011462 -87.69544 59.8069 52
1 0.382349097748783 9.81675130066858 -87.59108 63.44956 52
1 0.374523683189271 9.55950072521 -87.72461 59.63221 52
1 0.377106445372145 9.55174083278171 -87.65562 61.983 52
1 0.330497358471322 9.68954320059263 -88.6419 14.84998 52
1 0.407644318627291 9.91402159756924 -86.78015 86.00369 52
1 0.393657893419527 9.88029044836244 -87.36794 72.04534 52
1 0.337603233298445 9.81445943610504 -86.81032 20.49166 51.71
1 0.343457773817428 9.58152067861208 -88.56294 26.49647 52
1 0.401136903504967 9.9157288845559 -87.18462 77.56908 52
1 0.301822302183857 9.04992224794727 -81.17076 2.793347 51.02
1 0.38580850322191 9.86666155526974 -85.79832 67.14058 51.71
1 0.385598161810524 9.8190924376838 -87.59108 68.98661 52
1 0.312628334733175 9.41187692946837 -81.236299 2.897034 51.02
1 0.402444371540315 9.95020236869302 -87.21379 79.54274 52
1 0.370285768195215 10.1616037976199 -88.10191 57.25569 52
1 0.315937580750984 9.43268084857867 -81.355082 3.697736 51.02
1 0.332037586050608 9.54203739580445 -87.10866 14.88429 51.71
1 0.304830800993839 9.14844208859957 -81.378155 3.495472 51.02
1 0.311411919095178 9.35886293504465 -81.393903 2.806476 51.02
1 0.382667173065381 9.7813609063126 -91.18858 65.37926 54.31
1 0.314701389329251 9.02360811925063 -81.404873 3.226368 51.02
1 0.406657463751306 10.8279616369347 -83.88978 85.05605 51.52
1 0.349029606717784 9.73365028370343 -88.73052 34.95803 52
1 0.39527823871824 9.95554532983698 -87.67482 73.17001 52
1 0.30443492741432 9.051848548915 -81.52743 3.11739 51.02
1 0.295186609149063 9.34882907859805 -81.56457 3.89259 51.02
1 0.413046930249906 9.97462475484861 -86.89793 93.6918 52
1 0.369191315805016 9.5863684402212 -88.34877 56.96115 52
1 0.32875521040396 9.60682745851907 -87.35997 12.29972 51.71
1 0.308271846958341 9.36815438950351 -81.627016 2.751648 51.02
1 0.344201065168634 9.87307154926411 -89.0172 28.33387 52
1 0.366747092697754 9.61105749163175 -88.46655 54.66088 52
1 0.32985635262924 9.52762966866898 -87.40976 12.5964 51.71
1 0.377380215260492 9.81636759241625 -88.28423 61.37473 52
1 0.307317492897835 9.35434091763027 -81.70643 2.883308 51.02
1 0.310958321778464 9.26104049339261 -81.749578 3.123821 51.02
1 0.302445528260647 9.23048598807284 -81.773294 2.531762 51.02
1 0.289513617814831 9.41453671109168 -83.417775 5.460788 51.191
1 0.409574267971431 10.3138547152859 -87.47775 85.2179 52
1 0.364959009033624 9.8860659838945 -86.89793 51.99151 51.71
1 0.306220608336749 9.10405975783061 -81.864907 2.722779 51.02
1 0.30847566226098 9.03247179616196 -81.894079 2.176761 51.02
1 0.34243650035679 9.79647626218804 -86.10721 26.08833 51.52
1 0.36258066453973 9.63240467632135 -88.85859 49.62543 52
1 0.314513369821333 9.37696354875589 -81.948648 4.344728 51.02
1 0.386425266291411 9.73248273504069 -88.35322 67.00974 52
1 0.377842391593783 10.2984811797464 -88.59211 60.04288 52
1 0.342855971325351 9.90434513103435 -87.51412 29.51464 51.71
1 0.309872254982481 9.07483085282519 -81.99366 2.692228 51.02
1 0.385940708425236 10.1447927552481 -82.42452 66.16825 51.191
1 0.338071605698281 9.70365177296425 -87.6319 21.33454 51.71
1 0.374890333178999 9.59264935709452 -88.57191 61.99073 52
1 0.334921464653194 9.66655282638407 -87.69744 19.3182 51.71
1 0.372833963396771 9.69851878036631 -88.67627 59.65772 52
1 0.365603084299777 9.77010982797739 -87.06683 53.11774 51.71
1 0.314994512855114 9.07672199158329 -82.061652 5.069188 51.02
1 0.354157278548845 9.62006258048868 -89.25609 40.96014 52
1 0.32338105129202 9.75400349511573 -83.77445 7.775602 51.191
1 0.357080574764276 9.98555804404226 -89.21972 44.81241 52
1 0.38858510176499 10.1064785119087 -82.52069 69.12669 51.191
1 0.315874506243796 9.441044568979 -82.220582 5.109039 51.02
1 0.30343125243612 9.5195481240944 -82.22955 1.78474 51.02
1 0.341090855236214 10.1393273547834 -87.8018 25.90418 51.71
1 0.374554758450348 10.2011196922794 -88.8108 61.16382 52
1 0.355924391698444 10.417147626352 -86.11618 43.82007 51.52
1 0.3091731166839 9.37674318186257 -82.269372 2.705806 51.02
1 0.338677689310826 9.30619605455273 -87.91959 20.64836 51.71
1 0.386366767077188 10.330571516122 -82.75103 65.69958 51.191
1 0.321503935872969 9.45774137537279 -82.320163 6.208102 51.02
1 0.294422660912798 9.14705446101522 -82.333911 4.141429 51.02
1 0.376995404907529 9.52005472470689 -88.90041 61.38984 52
1 0.302440377626386 9.10304565926068 -82.350787 2.570872 51.02
1 0.373997449443108 9.63497357186635 -88.97738 59.16767 52
1 0.39203775346817 9.72405413921727 -88.57191 71.76037 52
1 0.350799132991695 9.43492275851108 -89.52802 38.42564 52
1 0.355160311838943 10.2805644002372 -87.64765 43.13072 51.71
1 0.379257980679525 9.93650774577498 -88.8798 63.75379 52
1 0.343360299732848 10.0038947857648 -86.56246 28.45574 51.52
1 0.34490326673948 9.70477523559497 -87.94776 28.63241 51.71
1 0.329054751554958 9.6958577210042 -88.13208 12.3299 51.71
1 0.295693974340241 9.03209167339818 -82.45269 3.45363 51.02
1 0.378682408966789 9.83306289805816 -87.21279 61.20323 51.71
1 0.389692008710776 10.1751310194807 -88.74626 69.78596 52
1 0.329455743242467 9.75045337481991 -86.81132 12.28352 51.52
1 0.397995828006589 9.98822563021041 -86.77915 75.83763 51.71
1 0.373477704442197 9.64553168742655 -89.21627 58.98619 52
1 0.337314356319922 9.44627899710465 -88.23544 19.80676 51.71
1 0.331590450636146 9.93674694338082 -82.56902 15.25922 51.02
1 0.304675036219509 9.38520062970438 -82.63947 3.001286 51.02
1 0.383371057414696 10.2491597323257 -83.11767 65.32401 51.191
1 0.322383873307499 9.28736699578376 -87.004295 7.419682 51.52
1 0.33723858684517 9.28820868027669 -88.28381 19.83854 51.71
1 0.325376617900973 9.37693106381571 -87.019043 9.512945 51.52
1 0.294928516198712 9.06640761680418 -82.690585 3.640662 51.02
1 0.355218774047344 10.1790880371693 -87.88322 44.79236 51.71
1 0.3925192510372 9.85996046740543 -88.92759 71.66338 52
1 0.391692189385523 9.70752290650581 -88.85959 73.54138 52
1 0.335484051726485 9.54201769276406 -88.38859 16.9349 51.71
1 0.400424520152434 10.0711007928149 -88.73052 77.38104 52
1 0.355964085152914 10.0219195618399 -89.81571 42.44338 52
1 0.317117967244991 9.10029352528947 -82.809369 4.486942 51.02
1 0.346892585515866 9.97903946799437 -88.23544 32.92481 51.71
1 0.362988258833221 10.1584660967544 -87.87876 50.80154 51.71
1 0.310836603639151 9.19169142550013 -82.888331 3.504892 51.02
1 0.359050881175993 9.94357558662394 -88.0123 47.14749 51.71
1 0.33236635112164 9.38604682899406 -88.57637 14.40317 51.71
1 0.389631205037845 9.35143934859387 -89.1799 69.65021 52
1 0.347695975287587 10.12895138753 -86.98987 34.73928 51.52
1 0.336870866625658 9.64305939556029 -88.57091 19.07004 51.71
1 0.32641534294421 9.01608866268895 -87.290977 9.691384 51.52
1 0.38965739369858 9.79879858304067 -87.31815 72.25464 51.71
1 0.355751307068105 10.1291602213977 -88.23544 41.98816 51.71
1 0.367764126995431 9.85236524744948 -87.93433 54.57049 51.71
1 0.372043026603549 10.1226533761837 -89.59356 59.14839 52
1 0.370714565781921 9.62607370017949 -89.67052 56.8071 52
1 0.387501298488978 10.2194365737209 -89.28526 69.02243 52
1 0.366050565236402 9.73302442379985 -87.99555 53.36161 51.71
1 0.335606746135612 9.42647397736335 -87.3044 17.99335 51.52
1 0.391706073815439 10.0179505432354 -89.29246 70.04531 52
1 0.343163077760944 9.74991349388417 -87.23499 26.44403 51.52
1 0.337940531037518 9.83962164462936 -87.3044 21.50769 51.52
1 0.354918167154058 9.96692953819295 -86.9535 42.72303 51.52
1 0.331621679846673 9.32747135237627 -88.74526 13.64087 51.71
1 0.3843246946682 9.69507800225535 -89.4872 65.63646 52
1 0.36460854761447 9.76549392736467 -89.91287 52.0611 52
1 0.381839636790992 9.55606553330128 -89.4882 66.56517 52
1 0.385054122618095 9.62624312401556 -89.4882 67.05933 52
1 0.346064209976531 9.79527699405555 -88.61273 31.11599 51.71
1 0.397649806184636 10.0351977172279 -89.21972 74.89359 52
1 0.36384015469832 9.65287787704951 -89.9572 52.36383 52
1 0.343243397808873 9.34270577959815 -90.47248 28.08579 52
1 0.304709791224409 9.27086848871381 -83.229582 3.070746 51.02
1 0.36376670458243 9.80121409895999 -88.23544 51.07727 51.71
1 0.295374434101384 9.22648161176975 -83.233452 4.217536 51.02
1 0.317846683029371 9.00409590670923 -83.235453 4.734862 51.02
1 0.365056277933054 10.4974847095699 -88.18665 53.23104 51.71
1 0.308671185052779 9.07256979864836 -83.251202 2.892636 51.02
1 0.373104180122608 9.40831305736658 -89.84488 58.38523 52
1 0.360277102472609 9.83381374653202 -88.32405 48.94788 51.71
1 0.381160828252655 9.48017515150787 -89.67052 64.37214 52
1 0.343300236339515 9.62509483949881 -87.42451 26.77473 51.52
1 0.358125278599027 9.94810391808272 -87.05886 46.09647 51.52
1 0.386060437631153 9.15259854705104 -89.62173 66.8735 52
1 0.345927882865795 9.76808627528431 -87.40876 29.63273 51.52
1 0.349706640453038 10.1535963570501 -87.29098 37.23476 51.52
1 0.363483766216819 9.78282731413209 -88.3408 51.19184 51.71
1 0.383548116518953 10.2802945057505 -82.20138 64.74297 51.02
1 0.381726174009174 9.37651580209507 -89.77588 64.2692 52
1 0.347481359438516 10.1600730110649 -87.38814 35.64258 51.52
1 0.33829598981473 9.66107601684015 -88.95266 21.78277 51.71
1 0.378835062053597 10.0508825789578 -88.0325 63.57767 51.71
1 0.318841898142214 9.11524204450453 -87.726614 5.355961 51.52
1 0.38064456043456 9.57329506077852 -89.84488 63.80484 52
1 0.335317594903455 9.20015629047302 -87.69544 17.81211 51.52
1 0.38137033548509 9.67269616019361 -89.88024 64.13809 52
1 0.376297887009092 9.75804380434137 -94.07895 62.55838 53.32
1 0.332136116834483 9.79790098623162 -87.76298 15.59628 51.52
1 0.385077013622322 9.5381790304632 -89.77588 68.10931 52
1 0.359004875721822 10.3313787546038 -87.24219 47.81141 51.52
1 0.333447591768244 9.30179523224579 -89.14727 15.17367 51.71
1 0.381573205160705 9.77072508905453 -89.89367 65.3238 52
1 0.320349161298276 9.36551751613674 -87.866341 5.929866 51.52
1 0.381751079271274 9.62462385011476 -89.95821 64.00949 52
1 0.346360446582513 10.2813744600095 -87.60783 32.75415 51.52
1 0.379572037171253 9.78233760849394 -89.99903 62.91374 52
1 0.329007922510539 9.7221001206714 -83.54511 12.24959 51.02
1 0.35096159682526 10.0445408325383 -88.89941 37.87926 51.71
1 0.369026258378806 9.49740609028118 -90.29913 55.02579 52
1 0.38360762077683 9.65376666409597 -89.95821 66.36024 52
1 0.395494034604848 10.2592203583469 -89.69073 74.85999 52
1 0.374513468248864 9.32607547451232 -90.18135 60.80394 52
1 0.317027261344445 9.22092431625754 -83.706458 4.590244 51.02
1 0.368633635697992 10.2335830879156 -88.62848 53.48735 51.71
1 0.332624730498103 9.01572839346836 -89.30488 15.41251 51.71
1 0.405736673882876 10.116366055151 -89.38284 83.05104 52
1 0.360261737568767 9.93007952606781 -87.42451 48.19639 51.52
1 0.331456092156583 9.39298253782207 -87.98412 14.14402 51.52
1 0.340592136936584 9.88707479904852 -87.87976 24.89026 51.52
1 0.385982121812082 9.84365409584219 -89.99903 67.46739 52
1 0.38348724747472 9.91832047582123 -90.06702 65.5761 52
1 0.340480722064593 9.33139463265741 -89.25609 24.10178 51.71
1 0.366952054458321 10.1704650513307 -88.67627 53.80785 51.71
1 0.384716940123581 9.67711429183038 -90.0272 67.66126 52
1 0.381026255819381 9.13914451084306 -90.13256 64.93876 52
1 0.350511518454789 9.77368571205612 -89.08374 37.41009 51.71
1 0.374334929794841 9.98564046123305 -88.55849 59.04662 51.71
1 0.400409158169793 9.85138517981362 -89.67052 78.22693 52
1 0.331926721568315 9.51243950298556 -88.06309 14.64371 51.52
1 0.370179407599743 9.39482240991451 -90.40449 56.92783 52
1 0.388499956217553 9.82195121967245 -90.06257 67.94804 52
1 0.363344417424247 9.58979541588051 -90.58681 50.62107 52
1 0.382845407541 9.51431137990821 -90.14053 65.90824 52
1 0.351033544435601 9.60166866604857 -89.10194 38.32694 51.71
1 0.375290186959464 9.58220326925394 -90.31488 60.59225 52
1 0.380829088351018 9.6834192243129 -90.14053 66.05514 52
1 0.36390750973172 10.0460678109669 -88.82323 50.64734 51.71
1 0.390189449023554 9.52245323649703 -89.95821 71.40582 52
1 0.382522156770706 9.64671612128446 -90.20952 64.21944 52
1 0.382220605530411 9.62122272366967 -90.18135 65.08368 52
1 0.38362081017645 9.82908320498569 -90.18135 65.27918 52
1 0.329236101410837 9.08430848512043 -88.11766 12.20798 51.52
1 0.358875622231676 10.0481204053774 -88.96395 46.27839 51.71
1 0.382115814590244 9.47730919239317 -90.20952 65.17017 52
1 0.386131753576183 10.3233971796999 -87.03247 66.46177 51.52
1 0.381999579926507 9.69386417839016 -90.20952 65.38513 52
1 0.385642702109492 9.63551995208292 -90.13256 68.2834 52
1 0.350476147878753 10.1626212444751 -87.83097 38.56403 51.52
1 0.382141241675805 9.76734519449416 -90.18135 67.38919 52
0.398018669318942 0.369208710196494 10.1635696045945 -88.78263 55.56054 51.71
0.4272897326111 0.375344575183146 9.63373184657416 -90.40349 60.83282 52
0.440876886934345 0.332103927540217 9.30183737044336 -88.18665 14.26426 51.52
0.437829808726816 0.384876370293843 9.25629144734351 -90.25034 66.25093 52
0.509315331327954 0.401702593181252 9.85895005095472 -89.77588 79.23125 52
0.43724840588385 0.38786595862447 10.3000478860004 -88.42941 67.72644 51.71
0.417584258558715 0.382404348549359 10.2393706574755 -82.79017 65.94461 51.02
0.439627459227422 0.381475843526252 9.74761865061757 -90.36267 63.35571 52
0.460500302147895 0.339419135176936 9.51525137992611 -89.4872 22.41328 51.71
0.402046893111507 0.359834179118781 10.012076888584 -87.67582 48.05394 51.52
0.408008086964795 0.366531870642407 9.82386761931673 -88.8788 53.66812 51.71
0.469914253067917 0.39765808152646 10.0889487280694 -86.80035 75.24774 51.52
0.491624123997161 0.349067219719009 9.54445453815293 -89.30588 35.37469 51.71
0.445605303928701 0.370719879165985 9.65367508430523 -90.58681 56.88959 52
0.481934606610201 0.378931644742643 9.50041166668841 -90.36367 64.43545 52
0.403539488361551 0.371825204481603 9.81825571308231 -94.65877 58.60772 53.32
0.396162438285004 0.387818222273964 9.77092589642219 -90.18135 70.18951 52
0.401714701996945 0.340168700837488 9.43227423547558 -88.18665 25.41096 51.52
0.543505515372274 0.341095923197931 9.93743986288524 -88.16645 27.3423 51.52
0.406385047774904 0.382309367228481 9.74382609050178 -90.40349 64.66483 52
0.392040785575458 0.353191755905127 9.84555560676389 -89.30588 39.3683 51.71
0.508392035008193 0.362599542756838 9.99823355475247 -87.73139 49.7081 51.52
0.404088981354435 0.375354548831771 10.025342538441 -87.40976 61.02582 51.52
0.557484951003625 0.406408188265707 10.2782188957649 -87.94776 83.02542 51.71
0.630494923816639 0.37676491136464 9.54700779323564 -90.53802 61.28895 52
0.57567183309235 0.360780090150013 10.0594468524608 -89.15173 47.68397 51.71
0.404719006965027 0.345398394132692 9.59319059576367 -88.15748 30.42661 51.52
0.396513175557041 0.393344645970662 9.92024390366058 -88.42941 71.29547 51.71
0.386212038015622 0.378465258717952 9.93454923933095 -90.52127 62.40065 52
0.189349547896802 0.382038167381048 10.3333711310035 -83.01331 63.84502 51.02
0.199681960695398 0.346176486153164 9.88770113929569 -88.14173 32.25628 51.52
0.218791233232098 0.354355757370382 9.90414446580606 -87.9707 41.24149 51.52
0.179954010375614 0.372146745762613 9.60513897879597 -90.65481 58.17274 52
0.208519404311019 0.384776175165363 9.55645860741354 -90.36367 67.4667 52
0.217116338156111 0.376428523469891 9.33939951877581 -90.58681 60.65321 52
0.162381331448284 0.385431474783692 9.86663397577346 -90.39107 66.95585 52
0.271948543572647 0.340583188400962 9.88417701231333 -89.62273 24.36487 51.71
0.18216804749755 0.354069081820544 10.1517938441442 -88.00333 40.9267 51.52
0.161595641856747 0.380097745010845 9.45674989137106 -90.46903 65.07589 52
0.160302846775611 0.37986293123995 9.30869796574217 -90.46903 65.14365 52
0.191342850084703 0.381139503404446 9.05528719944155 -90.46903 65.60628 52
0.158263540576443 0.386551554724292 9.92035329106843 -88.62748 67.58411 51.71
0.159143525727712 0.398760149282796 10.2856576766149 -88.34977 75.33686 51.71
0.250827647785469 0.352926222438769 9.51835570102597 -89.41024 40.08007 51.71
0.169032493835921 0.390689985224216 9.79393151629041 -90.33895 70.38109 52
0.174107520152678 0.384588297996198 9.69016775601807 -90.46803 66.81168 52
0.206494372630061 0.376541659377411 9.48755986279997 -90.69217 60.28583 52
0.19523996593204 0.333064451260986 9.22332960840364 -88.45858 14.92905 51.52
0.225884006288925 0.380505594741215 9.34297747181744 -90.58681 63.70046 52
0.170056197413389 0.388605544062142 9.89138229707535 -90.40349 69.20661 52
0.170030984397178 0.386734808381063 9.74787875218436 -90.40449 69.30811 52
0.255759920934376 0.334458075630108 9.06427087898598 -88.44516 17.69863 51.52
0.156638218394633 0.387501102734616 9.17186537251538 -94.63237 68.70603 53.55
0.257933499426372 0.386142459946172 9.76088837175389 -90.46903 67.56095 52
0.166474586981757 0.386681988900771 9.69335353711971 -90.46903 67.56963 52
0.16554377499051 0.381648157292528 9.27056801450503 -90.53802 65.64493 52
0.305374112976703 0.390982986007262 10.1578712789122 -88.59931 70.45394 51.71
0.180830609613129 0.366816244964143 9.64648243955495 -90.8735 54.81654 52
0.232755335318303 0.330676666653587 9.65487194206979 -88.49495 14.04173 51.52
0.175315034860529 0.381022451410073 9.18736018787651 -90.65581 63.46237 52
0.218777108752173 0.400184135254992 9.81653792855482 -90.18135 77.227 52
0.187629285601494 0.385069429308932 9.70308157133049 -90.53802 67.60873 52
0.19227817385844 0.365382509330626 9.83171606174447 -89.21972 52.92441 51.71
0.175184265252912 0.365276646382723 9.50864967141148 -90.97886 53.2196 52
0.230343052377155 0.349588401335831 9.9782966280965 -88.29998 35.53039 51.52
0.237483391909967 0.375684890013601 9.50487020076456 -90.82471 60.0011 52
0.175659466840994 0.372971787181933 9.21054318385717 -90.8745 59.23885 52
0.187187042662972 0.385807581886248 9.38048817135863 -90.58681 68.38152 52
0.162093553628716 0.363374236488001 10.2573294687456 -88.0133 50.8691 51.52
0.259171271554369 0.351247306622715 9.72226267917364 -88.30443 38.62008 51.52
0.157924498151382 0.383922969616974 9.75051951778196 -90.65135 66.97753 52
0.205799252753319 0.339143914470853 9.71094953471282 -88.57191 22.19489 51.52
0.193890726685953 0.354139920992072 10.2751303126502 -88.25464 42.92293 51.52
0.276088336526961 0.376225105113208 9.74475414657152 -90.8745 61.25441 52
0.18551320555767 0.3575861078982 10.2066767522332 -88.1709 46.60918 51.52
0.159935383848148 0.33274427518414 9.14233719049532 -90.01378 14.59102 51.71
0.156294360117568 0.376952723635936 9.84421234990182 -89.08174 62.17485 51.71
0.16811309204781 0.388359513060523 9.63755188748187 -90.58681 70.10266 52
0.168290416083479 0.397086152068553 9.86974862666809 -90.39107 75.47387 52
0.158357557661264 0.34847935695083 10.069213647005 -88.44516 34.89785 51.52
0.223654066289244 0.382791039540534 9.22125248551896 -94.85006 66.04893 53.32
0.160659297811388 0.331375775347198 9.0492641187497 -88.71709 13.65875 51.52
0.15739251285921 0.312262924852339 9.18802235668471 -84.50396 2.64152 51.02
0.162782198365856 0.358327016758238 9.73780739645002 -88.22202 46.274 51.52
0.294648478295116 0.353614142135259 9.79601796470396 -88.3398 41.14839 51.52
0.166979596732889 0.374963068049116 9.26185817433021 -90.94349 60.6673 52
0.302158928484631 0.37937862825014 9.70112175115926 -94.95987 63.89806 53.32
0.163681218755834 0.3927800025899 9.67284768519991 -90.58681 72.12092 52
0.219391901778709 0.307560634937303 9.26057855398281 -84.570957 2.567371 51.02
0.196021724386492 0.397134744026871 10.160504229078 -87.43348 73.77906 51.52
0.181846944338836 0.383338510757508 9.40221023067808 -90.8745 65.17055 52
0.180663571791534 0.381221938751868 9.5948161800016 -90.94349 63.26484 52
0.25985338690873 0.382251142361833 9.44401270751145 -90.8745 65.61281 52
0.237808924280519 0.379731773654963 9.93428825109318 -90.94249 63.52553 52
0.197740412600139 0.35396870670883 9.7295959941743 -88.44516 40.92058 51.52
0.188538580926848 0.371616495399233 9.56668991777455 -91.16118 56.6201 52
0.193571305945517 0.377307542862665 9.42607289663515 -90.99228 62.45085 52
0.215260806333359 0.390384366805009 10.136032193471 -88.97838 69.95938 51.71
0.232569168318222 0.401519475678302 9.95154809374615 -90.46803 77.71562 52
0.243471728142038 0.373027391813973 9.60935059473124 -91.09764 60.08254 52
0.219515128614452 0.3689478276012 10.0707514114036 -88.1709 54.56257 51.52
0.289281141011654 0.382645232911114 9.47920887474354 -90.8745 67.62805 52
0.155622494366813 0.363993121557819 9.74105695706576 -89.62073 50.87874 51.71
0.16467691741235 0.376849330058686 9.17748866300244 -91.09764 61.16325 52
0.197406621484135 0.377353940800425 9.79050107868542 -91.09764 61.29054 52
0.214493387204323 0.395676915477945 10.0506753617427 -88.95266 72.88382 51.71
0.188657615546105 0.365542177347375 9.94980752638464 -89.62073 52.98333 51.71
0.198401899585726 0.395974960309004 9.73575925704926 -90.67156 75.10699 52
0.173398903627798 0.378238443219235 9.65228197001494 -91.12581 61.98239 52
0.203550312549643 0.355726049115691 9.79164413094136 -89.89367 43.33295 51.71
0.221121475279807 0.383320635955811 9.63864228194032 -91.05682 65.14009 52
0.18366485472909 0.382228722371187 9.16461443189172 -91.05682 65.18479 52
0.168801492899494 0.374003839689915 9.44435505865173 -91.23117 59.91842 52
0.154648078660371 0.385545626759048 9.57788764042959 -90.99228 67.42994 52
0.176124694696251 0.3778805946875 9.58296785279678 -91.21542 60.85161 52
0.210655236881384 0.370281891172759 9.66683673031422 -91.34895 56.45107 52
0.174179105641333 0.376132832066884 9.36409920044714 -91.23117 60.76324 52
0.170405444368693 0.374285976466618 9.29355494160298 -91.23117 60.82408 52
0.177580398845868 0.383120685516402 9.05987446449388 -91.09764 65.39527 52
0.331417059132447 0.392982199700276 9.69266805543778 -94.95987 72.44132 53.32
0.266495482084604 0.380215904918227 10.1826088319355 -88.06209 63.83854 51.52
0.297998484489684 0.335461738029668 9.05038592968934 -90.3547 18.6773 51.71
0.157622306839796 0.378044611226975 9.73930138684845 -91.202 62.96139 52
0.269668401876333 0.37855404060962 9.47731192228936 -91.202 63.3696 52
0.190931801975229 0.375557951383867 10.2298248719523 -89.52802 60.58443 51.71
0.171954511924674 0.372166707575203 9.38048112914167 -91.38432 57.52069 52
0.223852471482903 0.356992304643393 9.66432128615855 -88.62848 44.6183 51.52
0.235662768829987 0.397957972437964 9.94846579388445 -87.59108 77.51834 51.52
0.186093068897386 0.373293044624458 9.53323945726037 -91.38532 57.81051 52
0.278964343764228 0.372508318167768 9.5308285158277 -91.38532 57.81166 52
0.249432774225875 0.394569407515199 9.6774209069028 -90.91432 72.83269 52
0.20650957443825 0.321821505141619 9.66937370344704 -86.506445 7.509067 51.191
0.162850519723061 0.331774555881403 9.10019318096594 -89.13111 14.25689 51.52
0.295205035086768 0.363309726753257 10.19492410954 -88.52412 50.57268 51.52
0.240591729518734 0.370621432131061 9.73015517561172 -91.46228 56.28455 52
0.185629070298149 0.377190700365545 9.82973515116097 -91.27896 62.81267 52
0.161595575179321 0.378728988643189 9.38745116537443 -91.27996 62.86746 52
0.159792762904331 0.374855780410809 9.99318069400162 -89.59256 60.70578 51.71
0.157747165449115 0.387485507496441 9.63684080701291 -91.05682 69.74964 52
0.156058693160495 0.388553154975886 9.73131026918766 -91.09764 68.62661 52
0.209068463621256 0.380921891610167 9.59871750951249 -91.23117 64.70255 52
0.210311465724133 0.377502728843318 10.0863702563382 -88.20627 62.77515 51.52
0.189115094277698 0.419171211784088 10.3024370064006 -88.06786 98.47293 51.71
0.187566012322547 0.349952569138307 9.60538752916478 -88.89941 36.25937 51.52
0.250539093231197 0.371195228840479 10.5743447303516 -88.40156 57.16696 51.52
0.184474210105181 0.376255111611547 9.67020290489966 -91.41349 60.2843 52
0.169510214679547 0.39060632669916 9.82501167031514 -91.09764 69.9753 52
0.164822561496874 0.377743731993888 9.80677900735117 -91.38532 61.43325 52
0.167812628241569 0.371354862661855 9.7132754229691 -89.77488 56.6257 51.71
0.279249052890115 0.333693913070341 9.25781711751653 -89.20052 16.22036 51.52
0.109910260966878 0.36181905847007 9.8885638634806 -88.61273 50.71785 51.52
0.368095778617077 0.399821567083484 9.82708981176675 -90.80996 78.54434 52
0.120202568911068 0.378142559901602 9.75977038866951 -91.38532 62.72866 52
0.186929113472987 0.345762438030401 9.3095790271234 -92.15543 29.37136 52
0.110482395359826 0.374387170667171 9.11902747037823 -91.41349 61.98531 52
0.124398408887925 0.379133485910412 9.67462629790724 -91.38532 63.03373 52
0.105857604814853 0.390843042164656 9.64851967369387 -91.09764 71.66408 52
0.199473781132768 0.392632386506542 9.61632037246912 -91.09764 71.81614 52
0.165187132889622 0.383679231188669 9.64719398176205 -91.27996 66.57282 52
0.130868682306568 0.386096787640453 9.61819346539292 -91.23914 68.1283 52
0.112494245608102 0.371873507977389 9.67425501352594 -91.56664 57.93423 52
0.111007329521409 0.383433465934612 10.0037177004797 -88.20727 66.31658 51.52
0.124555494464157 0.313776429578679 9.23767795195649 -86.689767 3.186053 51.191
0.112096582444429 0.380579750705888 9.65782377316784 -91.38532 64.284 52
0.108859444636096 0.375975090133101 9.58922319725648 -91.5031 60.53346 52
0.118018531097106 0.372108507126797 9.58986706288394 -91.60746 57.13732 52
0.192880696217039 0.367838095225696 9.5264699470825 -91.673 55.02537 52
0.104866443757246 0.379872609751429 9.79374159584184 -91.38432 64.8052 52
0.109264931583326 0.4055329173331 10.2484225541208 -88.91284 83.54548 51.71
0.109702568155525 0.392052703509539 9.76624723920715 -91.09764 73.18841 52
0.106638082894204 0.400508478682563 9.89147471133676 -89.15073 77.99661 51.71
0.109372465341873 0.387581217751459 9.71834743644921 -91.21542 70.41436 52
0.146847505485902 0.341942549700858 9.31061894703661 -89.21627 26.74035 51.52
0.115390120358328 0.388248005548925 9.85275277818157 -88.15748 69.44968 51.52
0.104442035389728 0.376832725118949 9.83577522120863 -91.5021 62.2916 52
0.160167925344618 0.368126638186988 9.6110265110108 -91.672 56.60376 52
0.119659589597797 0.374737321665881 9.23434669011666 -91.59581 59.26111 52
0.106511103641306 0.312495751266793 9.47774468385492 -86.756759 3.312373 51.191
0.174083154571288 0.354486156767769 9.80672946242277 -88.96841 42.24779 51.52
0.389915244056824 0.374459741651053 9.2155777896813 -91.63664 58.6687 52
0.123774273910085 0.362877641366808 10.1614534889982 -88.79505 50.28122 51.52
0.108816261979661 0.361310059179036 9.61967999883611 -90.18135 48.86108 51.71
0.111176161593498 0.375027785615635 9.77691981050587 -91.60746 60.71938 52
0.127189970900573 0.368569574362571 9.83073888521485 -89.99803 55.98765 51.71
0.111123059391653 0.420660745246582 9.36645198803002 -94.12354 102.4947 53.55
0.115074740685699 0.38623886297285 9.76389809908878 -91.38532 68.13499 52
0.184934957326051 0.299105799616603 9.19727478371071 -86.834721 3.214742 51.191
0.134585157875888 0.400645309030149 10.2240325889126 -87.93533 77.66375 51.52
0.116629825370879 0.381797127874015 10.283761851688 -88.44283 64.12574 51.52
0.104908585878246 0.374621410722205 9.44569653743848 -91.672 59.7605 52
0.113210629484779 0.363175266336523 9.85926159266749 -88.86405 50.41387 51.52
0.129277604752489 0.389206492819504 10.0302177255501 -89.59256 70.14765 51.71
0.175046894970423 0.387107542439786 9.91980412659713 -88.3408 67.83984 51.52
0.109718430227503 0.37175841034129 9.64901894486962 -91.78979 56.7111 52
0.104603597257744 0.370535141533401 9.67952076003801 -91.79079 56.96003 52
0.119220064936661 0.374812885596383 9.87311760988371 -91.72525 59.37865 52
0.118517420126827 0.377368003811452 9.71828568614093 -91.56764 64.54048 52
0.236602489773723 0.351486193886701 9.8763305279297 -89.20052 37.37995 51.52
0.111843486522821 0.37381936380685 9.68313177638271 -91.78979 58.04711 52
0.108296055493573 0.383122704942396 9.60761094370854 -91.56764 65.72276 52
0.149394594796238 0.295516777169765 9.15236000269945 -86.942535 3.567277 51.191
0.103920875301292 0.375895921648413 9.44095968715009 -95.83534 59.33309 53.32
0.120754235870613 0.394329038644005 10.1362465821792 -88.27526 72.10567 51.52
0.141101835583352 0.370093352689102 9.37090720692811 -95.9407 56.62387 53.32
0.335435280355096 0.352650499291208 9.75973593148536 -89.26506 37.94553 51.52
0.106964804172201 0.374768973250133 9.59605253866974 -91.79079 60.39008 52
0.118456442475619 0.385606918367994 9.84578074277115 -89.84388 66.47591 51.71
0.128973995699384 0.38838015393762 10.1230740265294 -88.45858 68.01787 51.52
0.153274243831902 0.369562168248369 9.70997746362847 -91.92432 55.98218 52
0.165660745419283 0.393784301817652 9.95852862187945 -91.27996 75.63677 52
0.176304414989872 0.319553588479717 9.40396806299596 -87.003295 6.210778 51.191
0.192969643343052 0.378178411807216 9.90269901477346 -91.78979 61.04163 52
0.176610604531921 0.387393239196555 9.75927806364715 -91.56764 68.02634 52
0.116967802785329 0.377177260490325 9.66695449473104 -91.79079 61.28208 52
0.159785185200477 0.375739435318111 9.77036478488488 -91.79079 61.53994 52
0.104870736402421 0.396042340659663 10.196477018095 -89.55719 75.42599 51.71
0.133124052001805 0.354247315010986 10.0990025617154 -89.26506 40.48414 51.52
0.196338430456742 0.377217135868803 9.31973930763751 -91.74996 63.0494 52
0.114444323302171 0.370184798951483 9.96016119501337 -90.20055 56.4639 51.71
0.144706900406544 0.423491017071121 10.2808794607252 -89.84488 107.4491 52
0.139263580061524 0.372494545842172 9.42205798079844 -95.9407 58.96193 53.32
0.135233772347219 0.376741245834389 9.44859426211109 -91.81896 61.38685 52
0.174441375799888 0.345770983696065 9.32245792291118 -92.5121 31.96767 52
0.114724653216598 0.385819469007207 9.67226357193359 -91.56764 69.43072 52
0.110195156523241 0.391999849498689 9.75469715812085 -91.48968 72.09228 52
0.10829299485638 0.291515061467268 9.46584953544557 -80.034779 5.182382 50.51667
0.104315170502803 0.374117021692568 9.73861389403226 -91.97311 58.39459 52
0.176661883801726 0.406488721285145 9.9928507475996 -91.09764 83.31526 52
0.126546556122615 0.386717343815965 9.66026729968683 -91.68543 68.17158 52
0.10767807703386 0.407896696192468 10.0668233683313 -89.21627 86.39542 51.71
0.128731754211089 0.369634263351756 9.85450741122376 -92.07747 55.62945 52
0.122726880422149 0.387785123628701 9.87159218593801 -88.59111 68.59714 51.52
0.0852293425838163 0.397282389983834 9.86184282331811 -91.38532 76.7852 52
0.082601301951454 0.34242138484134 9.25083374777429 -92.66626 27.56268 52
0.0745629048907379 0.373988010401877 10.0086995497179 -88.85959 60.83464 51.52
0.0744373079588218 0.398371747722311 10.0838229676382 -89.66155 76.13509 51.71
0.0823897949415723 0.359068494985005 9.65945253963552 -89.26606 46.41619 51.52
0.412174144562621 0.345793789122371 9.3466397680545 -92.61646 32.48119 52
0.0929474712300259 0.367043042229004 9.73970591329498 -90.3547 56.0876 51.71
0.0949899311163681 0.374699979419795 10.1557343295979 -88.8788 61.09244 51.52
0.0951917549090058 0.384004892104334 9.80566725754598 -91.79079 66.61326 52
0.0744256194438074 0.374464734289283 9.55996921132771 -92.02868 59.38973 52
0.0791433998178258 0.378525841542566 9.30573083472216 -95.96887 63.0783 53.32
0.0753697966552352 0.367826564320602 9.53452086859434 -92.15543 55.04171 52
0.0745640839813048 0.35445881354962 10.1402582305657 -89.42266 41.44395 51.52
0.103482758713617 0.392310846319188 10.0007898803169 -89.91287 71.22406 51.71
0.0826805391534463 0.316319011213638 9.31275670349171 -87.242187 4.288843 51.191
0.111784440411221 0.382933866447284 9.08495636432792 -95.92495 65.32536 53.32
0.1228829196523 0.378294342939035 9.85975295840316 -91.97311 62.54362 52
0.0779980292789167 0.415798165150593 10.2718661193182 -88.85959 96.55946 51.71
0.102672590469675 0.382823324804265 9.6176717513393 -91.92432 64.68144 52
0.0786383762053797 0.309957736125669 9.24875371568434 -87.281008 2.996935 51.191
0.142739059347755 0.386220108978425 9.72655550903686 -91.79079 68.95216 52
0.076152150743971 0.384174531328062 9.56733288128548 -91.85432 67.12483 52
0.089833478758856 0.375098769381365 9.7743447013398 -90.31488 60.64547 51.71
0.0845267039973191 0.393473430711957 9.78487769140414 -91.673 72.37576 52
0.126869449530856 0.361998817344286 9.61750135289061 -92.37857 49.16497 52
0.073817079593849 0.391408118592274 9.64433251514973 -91.79079 69.5162 52
0.134582623631486 0.323618662230592 9.18326235058626 -89.96266 7.525065 51.52
0.0770419241948943 0.409013171440687 10.2959675240941 -88.04866 86.7892 51.52
0.0816433974074995 0.373609176292109 9.78104236816676 -92.19625 58.06954 52
0.154716948924641 0.386322641675785 9.74675167039912 -91.92432 67.57073 52
0.0782428915675845 0.37061646987688 10.0015314886839 -89.1881 56.97012 51.52
0.13563446040128 0.382779305533556 9.59934999362346 -91.97311 66.33927 52
0.0813503194953178 0.314432587455425 9.1474147887527 -87.38537 3.98848 51.191
0.0770292634943843 0.388246766644478 10.0490629966357 -88.82323 68.86483 51.52
0.085070034515967 0.302576750164379 9.19881940816742 -87.423508 2.084857 51.191
0.0816385313358867 0.411118485641794 10.0952323268007 -89.41024 88.37221 51.71
0.157021440725816 0.369833751005482 9.94639391428763 -89.25609 56.7871 51.52
0.0976760592723916 0.298504009503732 9.12929632879513 -80.428822 3.280391 50.51667
0.0842701078520438 0.376770404147387 9.84809752948605 -92.18283 61.73577 52
0.185377593799869 0.390210799093621 9.97905869598076 -91.90757 70.16405 52
0.0774678871372508 0.373816131813265 9.88963751592021 -92.26079 59.22549 52
0.124484944369259 0.395124858289102 10.0495388919165 -88.71709 73.4401 51.52
0.0787655778268227 0.377648605985235 9.77045168368791 -92.19625 61.86458 52
0.126700771131048 0.376107610185614 9.51208397798622 -92.19625 62.25969 52
0.0784181746844593 0.386719434037577 9.75873346814991 -91.97311 69.09268 52
0.0788667386676807 0.427561099873664 10.2909838817128 -89.91287 113.9341 52
0.0737200906045021 0.369659592363942 9.70062637812191 -92.41839 56.40341 52
0.0735811221956212 0.402015280415394 9.84410724176258 -91.63664 79.52376 52
0.0737554891895438 0.405464746536031 10.1497044242983 -88.45758 81.79852 51.52
0.135572295486051 0.355777568462194 9.4926836144281 -92.77162 42.59913 52
0.0742422355036388 0.306598736478263 9.10951323929881 -80.546605 3.842954 50.51667
0.0739742946301763 0.350588185295649 9.68369059822124 -89.84488 36.95298 51.52
0.118947127355693 0.371294428332198 9.68241686252144 -92.36515 59.20939 52
0.173860375578401 0.323190551008464 9.74907702601119 -85.998392 7.391547 51.02
0.123659127326807 0.382947608228109 9.77176230159961 -92.19525 64.99142 52
0.0979788132545898 0.357518791677748 9.65400448514872 -92.73425 45.3043 52
0.0845733683957793 0.379645583094046 9.94911142892279 -89.15173 64.47747 51.52
0.147201363263082 0.379371008914346 10.0248566486735 -90.50885 63.56171 51.71
0.0777147946345326 0.321310314454448 9.19307113557001 -86.025791 6.661088 51.02
0.104539974519552 0.36822443110922 10.0140065334363 -89.43941 55.81082 51.52
0.0776948903211895 0.388021277895302 9.84854163027471 -92.07747 69.63043 52
0.162632531825772 0.392397114389456 9.97069752376666 -88.90041 72.53153 51.52
0.0816196747544906 0.376651402959547 9.91935361465241 -92.30061 62.96589 52
0.0976261582487458 0.376192938411831 10.0470544256222 -89.33405 60.58925 51.52
0.0841667109153533 0.416559227049618 10.2838375297729 -89.21627 96.61869 51.71
0.133384116541212 0.409501551421342 10.0071892396879 -89.66155 87.20751 51.71
0.172208232165047 0.378849694692239 9.96606657450332 -90.58581 63.22679 51.71
0.0788515204899527 0.381452113410941 9.30508288485264 -92.26079 65.45284 52
0.0819765152787198 0.359887348781166 9.95550206299304 -89.71135 48.18101 51.52
0.079104224536646 0.374272125515135 9.78096148451017 -92.48393 58.99678 52
0.0865602852131143 0.388606209481888 9.91286474273064 -89.13831 69.02165 51.52
0.13249259938267 0.377967978656542 10.4963063391618 -89.42266 61.25045 51.52
0.0760914798299439 0.368404159537896 9.60887147114801 -92.66626 55.29811 52
0.101511810093755 0.392107966934556 10.0243625173677 -89.08274 71.70262 51.52
0.076430531022575 0.398508382726589 10.8225389125569 -88.90041 76.65224 51.52
0.122229979380766 0.414524149989249 10.1824765516985 -88.20727 93.69608 51.52
0.131584963264544 0.403275046036338 9.8219847991067 -90.10339 81.33012 51.71
0.0991909313901069 0.370939315142128 9.95381710765533 -90.94349 58.25842 51.71
0.0911678092316134 0.384704156809652 9.92897067875401 -89.35325 66.79241 51.52
0.0802027650664236 0.303942689138875 9.28599023563503 -86.323895 1.970802 51.02
0.0744878680722135 0.366935372174948 9.80335895218419 -89.81571 52.67503 51.52
0.0877068962323876 0.387128226576688 9.67740236546469 -92.37857 68.77075 52
0.0800044659048447 0.399694151913963 9.95420384252543 -92.07747 77.27719 52
0.118602250845758 0.385867800419241 9.87003526929819 -89.37042 67.75107 51.52
0.159711664041471 0.322380266094314 9.41038277714376 -87.906163 7.153633 51.191
0.0841552295701901 0.372259735998393 9.8451460796174 -90.97886 59.3927 51.71
0.0817504363861114 0.405411535681254 10.1231628277713 -88.82323 82.56793 51.52
0.083846530959335 0.322958047910038 9.50339663552747 -86.383919 7.054473 51.02
0.0775099913705466 0.38509955840111 9.75859454333558 -92.44311 68.71924 52
0.0803236493834912 0.367657591549631 9.63703506249377 -92.8894 54.44224 52
0.133458385524046 0.366586752626916 9.81456487936923 -91.16563 54.29453 51.71
0.0753980964998603 0.397620780744774 10.1148301633323 -89.15073 76.31661 51.52
0.0983291713076991 0.313840321060015 9.21911857801048 -81.051652 3.383926 50.51667
0.0767130579083781 0.373943409609041 9.94819814475573 -89.73852 60.0661 51.52
0.120914316789208 0.33455048750801 10.0219562757372 -87.97415 17.31217 51.191
0.0747974857034116 0.366623777038548 9.72551104642452 -92.99376 53.65866 52
0.0780562624075753 0.384503850956473 9.63355426323721 -92.60172 66.97677 52
0.120911847371477 0.387311981030125 9.97290033360609 -89.55619 67.3155 51.52
0.0891522035871179 0.361083035834745 9.63898444043856 -93.11154 50.16059 52
0.079290692282428 0.386298702604196 9.91629558747686 -90.91432 66.39638 51.71
0.0872470668984818 0.363387499207796 9.74047598493468 -91.38432 50.61953 51.71
0.0781843374769777 0.375212963056619 9.85428460591881 -91.09764 61.15162 51.71
0.161979897964667 0.303182700582308 9.45670818018864 -86.57621 2.254421 51.02
0.0962122184860525 0.381341676519721 9.88674217656054 -89.69792 64.31346 51.52
0.34412648375069 0.301281901326571 9.2007936895568 -81.185183 3.470946 50.51667
0.0803507248200059 0.300606856605302 9.10088308665173 -81.236299 3.097574 50.51667
0.0761661596362743 0.393166167881322 9.84090125134612 -92.48393 73.67031 52
0.121828657826123 0.300585258354629 9.25194654669176 -81.248721 3.222608 50.51667
0.0856598953499623 0.33467549720665 9.94732631415657 -86.56724 18.44496 51.02
0.118801226708085 0.297903771040537 9.30511715904466 -81.267923 2.996067 50.51667
0.0884874020197166 0.300646583919541 9.25755819181952 -81.27612 2.470776 50.51667
0.0914637313362142 0.344865759250941 9.31001464009867 -91.90857 30.59115 51.71
0.0748966726262273 0.41450236225526 10.3357797553692 -90.0272 91.82872 51.71
0.0749571141218635 0.380871039687802 9.92990788179809 -91.09664 65.4051 51.71
0.121837944374383 0.398165747154987 9.92388044614679 -92.48393 75.38479 52
0.0787490705746982 0.396290590231843 9.83555730486162 -92.48393 75.95063 52
0.130562824809668 0.370913181059451 9.72774025448867 -93.11154 57.04852 52
0.180534110385991 0.386484206000629 10.0206286250873 -91.00703 69.06716 51.71
0.0870304278677495 0.382941719796415 9.93645010611366 -89.77934 66.5682 51.52
0.135482783217661 0.359278544973389 9.58757586137956 -93.3594 47.73551 52
0.0811766144474154 0.320896474745234 9.61099657512878 -81.355082 6.881083 50.51667
0.0765519464653566 0.299131020549161 9.13281455991026 -88.338798 3.167548 51.191
0.07873038687201 0.371019980646026 9.79768445894778 -90.11581 57.44963 51.52
0.0755199421148022 0.370832163865888 9.65006013311982 -93.17708 57.24769 52
0.13734829304246 0.304522175259603 9.27299524530454 -81.471865 2.928176 50.51667
0.0824804377940237 0.306909507509454 9.13602081393403 -81.487613 2.847061 50.51667
0.0986949157531435 0.372913623750341 9.87357589722841 -90.18135 58.52584 51.52
0.0764703822745162 0.373718864830791 9.74674640438845 -93.17708 59.96772 52
0.144698806596327 0.342917943718048 10.2475516220028 -81.29851 28.6145 50.51667
0.0739921377615868 0.304719333567837 9.39769736529956 -81.540858 2.543166 50.51667
0.0848706575536883 0.317652343837502 9.34067802669909 -86.925333 5.151837 51.02
0.0810896892880826 0.304828811166782 9.16910313857351 -81.556606 2.498389 50.51667
0.0737612919829803 0.31320054114418 9.2247859463694 -81.5638 2.94318 50.51667
0.163483216951274 0.347429753606862 9.44966362491844 -92.13071 33.22076 51.71
0.130289842437666 0.328229973533603 9.78762077496616 -86.93876 11.20132 51.02
0.0834856477178318 0.359678101442057 10.0291348413539 -93.57358 47.72467 52
0.262106125696864 0.391628216657477 10.2324764361647 -87.20582 71.06619 51.191
0.0958430864902107 0.396860483813639 9.92932105880958 -89.68973 75.59324 51.52
0.137897991035784 0.360407055016109 9.58714333976507 -93.58255 48.23247 52
0.0785733425413131 0.372526368055305 9.72626987634226 -91.63664 57.90425 51.71
0.24055636453569 0.310398729054641 9.01351083529021 -81.656187 2.905728 50.51667
0.0758270851491647 0.326269539066835 9.00045605191961 -94.198732 9.199857 52
0.0852544300927415 0.386329813960607 9.89527915556309 -90.06702 68.17248 51.52
0.0738825128593689 0.308454514014314 9.43182436717367 -81.743799 2.356627 50.51667
0.0749120481450548 0.369015085060809 9.65419285854718 -91.79079 55.55566 51.71
0.0953243765549176 0.372246472065966 9.80941181317547 -90.38287 59.45637 51.52
0.0772698824459237 0.311086699302983 9.16744208745263 -87.137827 3.268799 51.02
0.103904441735686 0.312051948186164 9.1698307482427 -88.680725 3.257641 51.191
0.148878048851668 0.314419495850715 9.4095474530096 -81.77297 3.926613 50.51667
0.0884943748624696 0.369187172890653 9.57766056243779 -97.48015 57.02216 53.32
0.0858287087136837 0.304714491164024 9.09467749827621 -87.156028 1.914433 51.02
0.130497555639167 0.428273639601533 10.3829041114926 -91.01148 115.4808 52
0.0899803447966017 0.301899260096766 9.15500012078986 -87.175647 3.539425 51.02
0.110784379498057 0.368551459499283 9.5739701685973 -93.58255 54.84557 52
0.0819923381592383 0.39319064530892 10.0690645845517 -90.0272 71.81278 51.52
0.148654154048425 0.306257229703344 9.40986411915752 -87.198592 3.081929 51.02
0.154943647461877 0.309008271091658 9.11788269787061 -81.838509 2.979815 50.51667
0.0919272578829045 0.313088035604795 9.05895618496425 -81.838509 3.949659 50.51667
0.0790278664836716 0.433379054549763 9.05068378287972 -94.81669 122.7814 53.55
0.0812993320407291 0.304766582877538 9.24218226469825 -81.861582 3.242012 50.51667
0.0740619807428375 0.31704102531144 9.3463959938981 -81.864907 4.355843 50.51667
0.0947050557835458 0.307525613171368 9.04396652951301 -88.771662 2.785146 51.191
0.115727336599899 0.370652305268637 9.6174600679048 -93.58255 57.07848 52
0.0928334826117169 0.387343338030202 9.99257100525725 -90.22117 68.54237 51.52
0.112733418633894 0.36435049592857 9.57985957585266 -93.76487 51.56705 52
0.0845250958775311 0.306167307272111 9.13671656255153 -81.928445 2.453874 50.51667
0.131373664569382 0.432788264511083 9.00567502744182 -94.81669 123.8028 53.55
0.0968319216110565 0.402326481269925 10.2429029260137 -89.89367 77.87741 51.52
0.0806986009411054 0.441084732556954 9.05318136827944 -93.76687 140.3726 53.55
0.0780644517723493 0.33747118376313 9.40376529445776 -94.34469 20.28781 52
0.0779809736945425 0.387263485415856 9.85251208046045 -93.29486 68.72838 52
0.0741226916614679 0.310947159314145 9.56006003509818 -81.977236 3.237841 50.51667
0.152092609150633 0.297936253357078 9.00837074403057 -87.33558 2.99658 51.02
0.177712954971197 0.393326187840819 10.2457769317974 -87.51412 72.70955 51.191
0.080020146857815 0.433250050979612 9.0519605199278 -94.81669 124.7859 53.55
0.0864817705368396 0.380745754894438 9.86338369428913 -90.41924 65.23462 51.52
0.0816153823033513 0.363973123106424 9.59647684419864 -93.87023 51.14953 52
0.0750189937590182 0.316120815258567 9.33534421697599 -82.047229 4.513016 50.51667
0.120175801062779 0.390969272817191 9.96109465124744 -91.5031 73.22437 51.71
0.103562529758553 0.374732790810113 9.7797972268305 -91.97311 59.15167 51.71
0.0737586603710536 0.389798236354338 10.6943618981718 -87.71464 70.13724 51.191
0.0843341833688435 0.407241428889595 9.87264887139581 -92.77062 86.3454 52
0.0861973611163075 0.409871768732085 10.1354700307654 -89.60598 89.01324 51.52
0.0899380682278835 0.438830308441866 9.06446865208383 -94.27769 135.3544 53.55
0.0957485439185797 0.364113600879352 9.77022101609752 -90.94349 52.33777 51.52
0.142361887265773 0.307516866013833 9.59606570819091 -82.165012 3.956079 50.51667
0.0799188059026159 0.377357601713025 9.98456267587533 -90.65135 62.72085 51.52
0.12116870648772 0.399671401635455 9.90640886886954 -93.17708 77.1178 52
0.0791276765638816 0.319456760018897 9.1939358886631 -87.514121 5.363956 51.02
0.101404807642666 0.377214109723867 9.86813318313446 -92.01293 60.95326 51.71
0.0740658720218701 0.297415416253927 9.12848308614889 -87.518899 3.617195 51.02
0.0851643146055606 0.400273415379688 9.9511926457854 -93.17708 77.54722 52
0.0825935993235223 0.411469617684955 10.2992447772491 -90.94349 89.79494 51.71
0.081439333705754 0.389665179516193 9.9838826804992 -90.43166 69.95624 51.52
0.143080649182785 0.315840836861723 9.18129217374097 -87.542291 4.034636 51.02
0.078585793859992 0.339893847913987 10.0883053678134 -87.39634 24.40316 51.02
0.091166996607169 0.315572984425056 9.11205278222665 -82.231551 4.671686 50.51667
0.0921183647458528 0.422633189619603 10.2019651771443 -88.71709 108.7591 51.52
0.0758770188440676 0.342566282959269 10.2959892559905 -87.39634 28.17704 51.02
0.124187882195124 0.311078047834757 9.46582717441244 -80.25547 2.81115 50.35
0.077053210751713 0.349672823265258 9.38839144849008 -94.45801 35.46084 52
0.0972982067927621 0.304536926007757 9.29426819594572 -82.348334 2.895047 50.51667
0.121678318653389 0.403064048111441 9.93559718316305 -90.24934 78.72572 51.52
0.083390267912894 0.357487160222733 9.59392980072816 -91.31978 44.53528 51.52
0.0735910349483814 0.308511247004781 9.06246851454738 -82.384702 2.486543 50.51667
0.0801940517655341 0.407403789797294 9.87803422086222 -91.38432 83.70564 51.71
0.133110806510863 0.327479645585047 9.57466566631332 -87.71564 10.24399 51.02
0.137408359940785 0.311975794547863 9.03485401851067 -87.752012 2.939431 51.02
0.118113912258816 0.31104980087131 9.32736699315039 -82.424523 3.780672 50.51667
0.0783836208397918 0.324971317144984 9.63042994148342 -82.413873 9.153159 50.51667
0.0789892385465098 0.310310489844887 9.06469334917419 -82.437946 2.584802 50.51667
0.0880000716941803 0.369790624023163 9.78433885000577 -94.09237 56.50621 52
0.0754272700217645 0.405000245908266 10.0086573818763 -90.28671 79.9332 51.52
0.0805185050875266 0.393143131875096 10.3262082096078 -86.40831 72.46461 51.02
0.0801310039921893 0.369251869929558 10.5596215956489 -88.54952 54.92088 51.191
0.0831279256478336 0.365605611051647 9.61145326424868 -94.23487 52.74615 52
0.0777836188793033 0.369649223441608 10.6786830575162 -88.53277 56.54442 51.191
0.0786542918771153 0.319008491193981 9.42084521704655 -82.518233 5.178766 50.51667
0.0806721056326496 0.377506526816111 9.48047205800381 -93.97559 62.85451 52
0.0872132124833303 0.299889846503016 9.06878143076053 -87.867794 2.912568 51.02
0.0785469020463597 0.36571944355628 9.59020962841201 -94.27569 53.62877 52
0.0794219881610201 0.389785795633199 9.72109671180158 -93.80569 69.53798 52
0.0780477384132277 0.314365154677754 9.4169379624871 -87.906163 3.739639 51.02
0.074052849633953 0.308867395903577 9.35836949964997 -80.544152 3.847674 50.35
0.0776591357755339 0.38645024168718 10.2125031566032 -81.4183 65.51469 50.51667
0.22723579427653 0.352014657765445 9.38705569576656 -91.673 39.05349 51.52
0.0799547545859427 0.382915453609097 9.57541611739717 -93.97559 65.94794 52
0.0820542087418134 0.364470129543857 10.4626339840464 -94.40745 50.77392 52
0.0787670210675524 0.312179392663174 9.16919259664254 -87.974155 3.198943 51.02
0.0740474144237998 0.440720740982803 9.2164218720659 -94.56538 137.8965 53.55
0.0737734036773108 0.377311857998999 9.77319447157602 -92.41839 62.062 51.71
0.0735881740095099 0.307017639158643 9.34359411063053 -82.671383 3.084959 50.51667
0.100954741441838 0.378988823550606 9.52765009408058 -94.09337 63.40787 52
0.169993323863044 0.407731924704575 9.95832301517905 -91.672 83.65267 51.71
0.0885267392101776 0.37183732010232 9.76400202964738 -91.27996 58.47776 51.52
0.139322235460002 0.306547250342672 9.30001574582455 -82.72463 3.23234 50.51667
0.0745459356936493 0.301033100578036 9.0306826641253 -82.72563 3.27034 50.51667
0.0813239570710239 0.420473297463096 10.2719403113456 -89.42366 103.721 51.52
0.12968861035009 0.387738532299865 10.4106099360263 -91.04785 66.18347 51.52
0.10140506024687 0.39901236149003 10.4041752354399 -90.69217 76.29601 51.52
0.129797388558538 0.298548648550286 9.04186440509285 -82.7528 3.35502 50.51667
0.0985384199207803 0.374047072335842 9.07263038660755 -94.2959 59.65195 52
0.0875266824383028 0.294969784274052 9.04911879019878 -82.79262 3.488938 50.51667
0.0783304147548317 0.378168086067858 9.35691445309504 -94.2269 63.27528 52
0.0794674157398334 0.386316814936428 9.977494889153 -91.12481 66.494 51.52
0.0792695038817023 0.344611286796808 10.3967495199389 -87.89697 30.4103 51.02
0.0872325406921801 0.374979392838753 9.1787504557401 -94.2959 61.20453 52
0.130479362055773 0.369569032515247 10.583096537841 -88.84685 57.06052 51.191
0.196951630870968 0.381356952938406 9.25938013588001 -94.2269 64.79703 52
0.0821210933215282 0.375399984972611 9.40668002600507 -94.38105 59.72075 52
0.0833786592376537 0.294711396087062 9.43659008906611 -82.893526 5.017719 50.51667
0.0933485251058625 0.316612441537765 9.16582509778923 -88.207268 4.019553 51.02
0.0771166292898589 0.30948588249763 9.20512378455467 -88.220691 3.349077 51.02
0.119310322955618 0.392789064838516 9.83278738653992 -93.98801 73.07588 52
0.254395347386651 0.371245047985387 10.5284036935406 -88.92827 57.6949 51.191
0.0771354891489832 0.399421358682436 10.2615546852223 -88.19284 78.56266 51.191
0.0955710337838789 0.39808837872275 10.966371926488 -88.31408 76.14294 51.191
0.0933803746169389 0.322063670525741 9.75823125603347 -82.976943 7.422324 50.51667
0.0740085240427261 0.447160162761494 9.16794037506074 -93.71808 153.8863 53.55
0.078561347742357 0.301700113177918 9.55596053717529 -83.01231 3.141031 50.51667
0.111874594404055 0.308225542762402 9.47854719828924 -80.96304 2.567298 50.35
0.0883849013856542 0.397759780495279 10.8866793533447 -88.37717 75.67119 51.191
0.0740872798677916 0.38856474948754 10.7395552979935 -88.65388 68.39965 51.191
0.0813305050454608 0.395320994922651 9.80556051026967 -94.05255 74.25896 52
0.0853946638540527 0.312192828219835 9.57717847328475 -80.999408 3.201262 50.35
0.148497726071019 0.436375109602942 10.6838491499233 -89.37042 131.7613 51.71
0.087305902995855 0.373405689997898 9.43274518082557 -94.63237 57.02213 52
0.0883332014175747 0.311254022955264 9.01251574118352 -81.028579 3.848228 50.35
0.0932720028179106 0.378618233964539 9.35358582210707 -94.49884 62.12166 52
0.0749149875316534 0.366146441637414 9.65122030655884 -93.07172 52.57985 51.71
0.0794040990708988 0.390604168236633 9.854257116147 -91.27896 69.1614 51.52
0.0863297934354978 0.31289476223272 9.24985756906189 -81.051652 3.531628 50.35
0.0773937320670759 0.382867652022491 9.48048855546738 -94.38105 66.51237 52
0.161347912964472 0.385200548642996 10.2464082049747 -81.9075 66.41373 50.51667
0.0747452895371377 0.401449517447406 10.6522581641295 -88.40879 77.14546 51.191
0.104754745040374 0.375421662744276 9.43086808848718 -94.63237 59.06143 52
0.0858143575279349 0.361691574030381 10.5002800287027 -87.8018 49.3442 51.02
0.173685054596336 0.400130908906681 9.8130759661272 -94.05255 77.12677 52
0.0764954699228286 0.376144556452575 9.29534859694276 -94.6042 60.6689 52
0.0869822232029501 0.334160019185938 9.6419710201199 -88.38959 15.77801 51.02
0.0794952706770622 0.313603306476795 9.45791896599157 -81.130938 3.241768 50.35
0.164655945750949 0.411508748885337 10.171236485432 -90.53702 89.64983 51.52
0.0765414024332541 0.376513560416519 10.4048819927957 -89.10913 58.67827 51.191
0.0767346281384555 0.387698694914811 9.98496096979476 -94.38105 68.66661 52
0.113982606039915 0.383255789690226 10.3197557579433 -87.39534 65.07884 51.02
0.107895043562853 0.404401460079134 9.88279954345312 -90.94349 81.37398 51.52
0.07773138477285 0.416455896553518 10.0541966883071 -90.3547 94.85855 51.52
0.0950368902514625 0.349449015879833 9.3986006118029 -93.58255 35.54128 51.71
0.178404674246418 0.386778908126867 10.3451847585424 -87.35997 67.50019 51.02
0.0758778533826027 0.376912787469821 9.81997630071053 -93.02193 60.55017 51.71
0.0797864600220709 0.30531125870913 9.36115217947358 -81.248721 2.579607 50.35
0.522611033558912 0.377303175451764 9.63535659545962 -94.68116 62.01898 52
0.0756104942951248 0.372159226042989 9.51204447933164 -94.78652 58.40484 52
0.132340077116696 0.312496888733226 9.08963334452202 -83.299992 4.091598 50.51667
0.0753455918214827 0.443491123949781 9.13906250721223 -94.68316 144.3671 53.55
0.0767351852691557 0.372441836741963 9.57427461395582 -94.78652 58.70978 52
0.158735335750382 0.350034610633668 10.2540455416357 -88.23644 37.52624 51.02
0.111918268880772 0.312518691670257 9.17972331209413 -88.59931 3.039488 51.02
0.130141419054394 0.380238841793614 9.66226576698847 -94.66774 63.74777 52
0.150221072742354 0.383666483456655 9.38693761388466 -94.63237 65.13666 52
0.152476951249949 0.374112943728524 10.6221805652442 -89.22492 60.22255 51.191
0.0756230771473367 0.375967675233632 9.5619131950805 -94.78652 60.38503 52
0.0751963050490406 0.375607574600914 10.7374945566116 -89.2317 60.27489 51.191
0.0900146313298991 0.35848037266136 9.60218094965436 -92.19525 46.40833 51.52
0.0795818353413766 0.377434065627682 9.35473316672821 -94.73773 62.72588 52
0.135241602194276 0.320318173150393 9.48031716404677 -81.339334 6.006025 50.35
0.113682809945715 0.393518668590238 10.2732585746536 -87.35552 71.31941 51.02
0.185927522492714 0.316023811563379 9.14273150579594 -88.677271 4.363884 51.02
0.0920590485833355 0.298454924065666 9.05121897434484 -81.366504 4.149578 50.35
0.80876112605684 0.374566445410757 9.27392486259379 -94.85551 59.51903 52
0.327745396714134 0.314058170690021 9.13136792924175 -83.41777 3.35317 50.51667
0.0821139622057736 0.368950809327871 9.51062783297399 -94.98904 54.9263 52
0.118309952066687 0.373371070773631 9.42749986611086 -94.85551 59.80578 52
0.0906948796224268 0.380587679796802 9.64679111435383 -94.73773 63.93278 52
0.0863019303008516 0.37929202028984 9.41857222435708 -94.78652 62.49031 52
0.100568979875184 0.374395787988311 9.82667411831698 -91.89515 59.55953 51.52
0.142276161416203 0.311077671674201 9.37551598046607 -81.431043 2.979451 50.35
0.174689639168748 0.418266372605809 10.1088508679965 -93.39922 98.68199 52
0.0977857696236284 0.332417582513863 10.0052339759714 -83.40535 15.83347 50.51667
0.0756822186659256 0.388694463268554 10.6437452970986 -87.50215 69.02903 51.02
0.0774658548623711 0.383667257671744 10.6878800473846 -87.60506 66.14803 51.02
0.181699339100702 0.444105008569861 9.14131011112927 -94.68316 146.4979 53.55
0.15271076391917 0.386297912020034 9.59272915201904 -94.63237 68.78631 52
0.0813537741582621 0.308382645428301 9.30123977491656 -81.452246 2.765274 50.35
0.0903053269144629 0.442941612045947 9.01702625755931 -93.87223 144.1997 54.31
0.126300413490692 0.311878879955408 9.04537306389291 -81.459442 3.923889 50.35
0.109074411778606 0.307269953670907 9.33130051567171 -81.471865 2.654658 50.35
0.11886031578312 0.312161428677888 9.03223698008768 -81.47287 3.19682 50.35
0.107817879139535 0.393017072847818 10.5674877341275 -89.00377 71.02528 51.191
0.111551425919735 0.381168164087572 9.4853685166004 -94.78652 65.26898 52
0.0747954408874491 0.387761455251058 9.49806203284141 -94.63237 70.54995 52
0.0770773446801225 0.357401719385036 9.74320417222412 -93.66729 45.05338 51.71
0.07685967461466 0.446863703156417 9.0709781654908 -93.29687 153.031 54.31
0.141648689938598 0.349728632014489 9.23732761393423 -99.52622 36.59504 53.54
0.0782214126888114 0.36187214794489 10.343354129312 -88.20727 49.91448 51.02
0.0782317734527405 0.383897872579773 9.36174908182337 -94.78652 67.19427 52
0.0746380585214905 0.344833138526046 9.48716465829867 -94.00376 28.9395 51.71
0.0753701696784113 0.394123425639858 9.73481239172059 -94.6032 73.46113 52
0.151754188844962 0.305980324344102 9.12637054603989 -83.640918 2.964517 50.51667
0.0928188537112582 0.381544154835561 9.53231506451253 -94.92005 64.08166 52
0.122739773937529 0.406388923378603 9.91632660892753 -94.27569 82.56066 52
0.0789194076392449 0.371649950153951 10.626031749237 -88.07851 57.04962 51.02
0.118855949237415 0.386732172910174 9.68330818030658 -94.7457 70.14669 52
0.155996903502446 0.37893483731173 9.31768418380656 -94.96884 63.80508 52
0.0739965833360045 0.303175759074744 9.17484453770562 -81.656187 3.390344 50.35
0.075839441602461 0.388180976879749 9.73820472096649 -94.78652 69.71272 52
0.151362815389722 0.37114775583965 9.4077107506407 -95.19198 56.65256 52
0.0847706914373588 0.38977934567923 10.0188810058883 -87.74382 68.49948 51.02
0.075399797747664 0.310907033677389 9.23413568161935 -81.691554 3.345442 50.35
0.0880077673799992 0.385229926287885 10.5051088905193 -89.36523 66.40207 51.191
0.103541496911206 0.374635014350198 9.56182611548657 -95.14319 59.4227 52
0.0776695056535401 0.380417126043723 9.46964336586222 -94.96884 65.42659 52
0.0790779979504041 0.364513481337432 9.64831559836393 -95.37431 51.23616 52
0.129513036895272 0.375323046029285 9.21064283216427 -95.14319 60.03411 52
0.166759910328972 0.372572802089933 9.11459403218401 -95.19198 59.08904 52
0.0887146564365856 0.402138754587782 9.11990395188864 -98.59518 78.05089 53.54
0.112588941852842 0.316851526070587 9.50038295375037 -81.75135 4.515364 50.35
0.166142254982895 0.389808388152557 10.2964059616815 -89.36045 68.26971 51.191
0.094367087680383 0.313898205855532 9.431414664369 -81.759547 3.350461 50.35
0.0967699219008512 0.379849804356644 10.3037898589161 -88.0133 63.04886 51.02
0.0809165748369518 0.384817865873675 9.27227606143691 -94.92005 68.63929 52
0.107788909748347 0.38330362535615 9.16681134854876 -94.98904 66.67268 52
0.20092486184277 0.380538157495921 9.56962409073094 -95.10237 63.13782 52
0.0910274466171346 0.305989859827633 9.64634629314869 -89.072767 2.056509 51.02
0.0783153089099348 0.38120295872913 9.3333314647979 -95.0742 64.50406 52
0.0942816273642105 0.379839494351475 9.46262300198603 -95.0742 64.52201 52
0.08080219779614 0.311402083572793 9.48733839610107 -81.809338 4.339854 50.35
0.075227533754895 0.407050778688239 9.95945554570242 -91.44886 82.6379 51.52
0.0797444351488918 0.385931276312069 10.2244886480534 -87.93433 67.08303 51.02
0.0886821204575139 0.323434793105569 9.48722036462759 -83.839989 7.985501 50.51667
0.0887776056818224 0.312262308346972 9.25435388699862 -81.824085 3.126122 50.35
0.0862856355533181 0.376296527913978 9.28526705048568 -95.19198 61.43339 52
0.0817548141360094 0.307910737495667 9.14734402094699 -79.641284 2.769164 50.18333
0.0744570586847124 0.377909834100871 9.45114040831325 -95.19198 61.96044 52
0.0749701676315265 0.376341885693478 9.59853142091461 -95.25652 60.03736 52
0.0812531356001218 0.383618927783289 9.6064670155085 -95.03783 67.23663 52
0.085424421839617 0.329748477132021 9.71866567216202 -83.87636 12.00973 50.51667
0.114619635747332 0.379870888480387 9.69847910171159 -95.19198 63.16461 52
0.0757354109745583 0.388746181658994 9.06875210580865 -94.98904 69.79042 52
0.074765236544043 0.445236324119269 9.0272511750758 -94.97084 148.2103 53.55
0.0784008142211352 0.368800491888876 10.4870276772165 -88.37962 56.22568 51.02
0.167829581916239 0.376687832783128 9.08670866177703 -95.26098 62.11674 52
