1 0.445936103158671 9.687850218073 -103.7757 155.1677 52
1 0.440760879714211 9.65322683602315 -103.8801 142.7453 53.32
1 0.329179195261176 9.54875374946475 -92.28919 12.24758 51.02
1 0.606291822014784 9.67202092953608 -93.29687 322.0623 53.55
1 0.369567586839257 10.0874348130113 -93.48497 58.32931 51.02
1 0.379143311194022 9.1208619805816 -96.24181 63.17061 52
1 0.436623801089654 11.1129721211219 -100.0069 137.7963 51.02
1 0.350092206295137 9.90690756854368 -94.19873 36.23076 51.02
1 0.398381952324061 10.8049177148861 -88.92959 76.72288 50.18333
1 0.472110958443477 9.38139090767509 -99.57601 212.3356 54.31
1 0.47097992782066 9.99409510346182 -103.7757 215.0481 52
1 0.453855934227019 11.0621673404632 -99.67937 175.1404 51.191
1 0.358875622231676 10.0481204053774 -88.96395 46.27839 51.71
1 0.435524005649961 9.14150635798706 -103.6714 130.2555 52
1 0.349297809590044 10.3430331133674 -92.77362 37.19263 51.02
1 0.438337238493393 10.7438113423676 -100.8178 135.4141 51.02
1 0.513159080916509 9.435953146766 -98.88286 268.5755 54.31
1 0.64030170850131 9.01179853331001 -94.27769 373.6359 53.55
1 0.585532549515611 10.1999589267808 -103.8935 303.8291 53.32
1 0.52096875123246 9.04416050525213 -92.73725 273.433 54.31
1 0.564848389395012 9.08358040802175 -94.56538 289.6039 53.55
1 0.483120503015077 9.03914016259834 -95.37631 233.1981 53.55
1 0.414295954867342 9.74417267582665 -103.67136 91.65705 52
1 0.538586580732145 9.70096857150475 -98.72871 280.4557 53.55
1 0.431914765720308 10.1829765773022 -107.5804 127.3275 52
1 0.499497892809467 11.0934916758795 -99.28633 254.4942 51.02
1 0.364160740448837 9.31149907932908 -105.16446 51.53152 52
1 0.327197855740407 9.34756336974824 -91.51985 10.12369 50.51667
1 0.342099157295947 9.64022713364119 -93.02493 25.84827 50.51667
1 0.396715807868872 10.0892689744396 -93.68791 74.56278 51.02
1 0.404302767201525 9.73198049399152 -104.60485 80.12085 52
1 0.452419731205201 9.14503513620672 -104.1812 164.5373 53.32
1 0.508254880343837 10.7906660439916 -100.2946 263.2186 51.02
1 0.494492670666793 9.76524099295784 -104.027 252.0554 53.32
1 0.502362467466015 10.2845636910698 -104.1812 261.2 52
1 0.53615178738517 9.63711923339486 -93.99001 280.2664 53.55
1 0.520526017882355 9.20022637525998 -95.15316 274.8861 54.31
1 0.476827859623224 10.320081270728 -103.6714 224.778 52
1 0.558979583532759 9.04211307059013 -97.22464 287.783 54.88
1 0.425511795830075 10.5468027209726 -99.31373 112.1132 51.191
1 0.466183337492828 9.91186629461974 -103.9979 201.5757 53.32
1 0.386795995303796 10.5383402496189 -96.31699 66.73894 51.02
1 0.338495014311763 9.78721981915279 -91.97511 21.6704 50.35
1 0.549057105870557 9.28713888179156 -99.75833 284.8208 54.31
1 0.315877304708416 9.04037016464851 -92.828186 4.616793 51.191
1 0.407075369125285 9.49339203581162 -103.99786 82.81764 52
1 0.440310179580341 11.0383390300549 -99.0154 140.0944 50.35
1 0.564707074077491 9.71701677899942 -93.29687 287.962 53.55
1 0.592469071584061 9.20865412388009 -96.06945 307.2957 54.31
1 0.373466369292967 10.6612337993784 -93.945 58.35615 50.06667
1 0.492164375008742 9.2509552076126 -98.59518 247.8576 53.55
1 0.403298697142518 10.5055464152143 -99.74736 79.08535 51.02
1 0.506826501125132 9.27962274104386 -98.72871 264.4555 53.54
1 0.380097745010845 9.45674989137106 -90.46903 65.07589 52
1 0.369786310778157 10.2039139130236 -92.77262 57.15008 50.51667
1 0.451596574934892 9.20802499092504 -94.97084 164.4028 53.55
1 0.471384701425227 10.1678351205083 -103.6714 213.449 52
1 0.619837073697447 9.20251417336101 -94.68316 340.4334 53.55
1 0.533603565785883 9.90770037226245 -99.75833 278.3847 53.55
1 0.491594726433535 10.3124404830293 -103.9979 248.3147 53.32
1 0.346212259857479 9.32228932561318 -94.85451 32.46907 51.191
1 0.417161812279665 10.1423737859788 -94.04358 97.23009 51.191
1 0.519214787120937 10.243213198657 -103.9979 271.4515 52
1 0.463006326020119 9.85367245108145 -103.6714 193.3592 52
1 0.454090915202734 9.40819682961737 -95.15316 172.0041 53.55
1 0.572422861660825 10.2866408033232 -99.17055 296.0363 53.55
1 0.523429306867655 9.32367315414251 -100.6746 273.8522 53.54
1 0.582753978394513 9.19154008731589 -94.97084 301.5629 54.31
1 0.547882395989756 9.2039915889657 -94.46002 283.2486 54.31
1 0.321847317517852 9.24730095934082 -93.063752 7.206025 51.02
1 0.402897578171903 10.937694843924 -92.94842 81.01578 50.06667
1 0.414981666066032 10.2080404308878 -94.6042 96.66991 51.02
1 0.353970332057437 9.50163276942365 -99.41089 40.77638 51.191
1 0.422827666303358 10.4013670438678 -100.62383 108.22324 50.51667
1 0.4573653335087 9.60632004232414 -99.42186 178.607 53.55
1 0.5694153143565 9.23776997595927 -93.58455 294.2917 53.55
1 0.437351096340612 9.41567912982433 -103.6714 134.6407 52
1 0.449184561654594 9.58965742246178 -103.6714 161.4644 52
1 0.451126881900086 10.1616091951324 -103.7757 165.2307 52
1 0.368189811499987 9.26052568093484 -104.02703 55.01637 52
1 0.41919785711015 10.7051900253095 -99.39169 98.23486 50.51667
1 0.362407922290411 10.0819336658415 -94.56783 49.62315 51.02
1 0.332193739490985 9.14993688820983 -91.77117 13.93989 50.51667
1 0.432613614203635 10.6738092490815 -99.171 125.0659 51.191
1 0.576657838185417 9.08895288883924 -96.7646 293.8404 54.88
1 0.328537552318891 9.75894777611329 -91.674 12.50605 50.51667
1 0.442699346288608 9.57109602827317 -103.6714 146.9502 52
1 0.512723884119274 9.16848717903398 -96.06945 269.9215 54.31
1 0.435778053483641 9.01003273239982 -99.28833 127.7842 53.55
1 0.301339041997981 9.78197274913767 -96.984744 3.415363 49.33333
1 0.46795324236906 10.6279562298162 -107.0606 204.4361 51.191
1 0.578401398488338 9.36955794166034 -100.6746 299.7741 54.31
1 0.438882863420411 10.3269531156401 -103.7737 141.5982 52
1 0.455361551292695 9.68507433695637 -103.6714 179.5251 52
1 0.489880419679894 9.80533282050228 -103.7757 244.9673 53.32
1 0.405331901548052 9.38049299119291 -104.18118 82.13048 52
1 0.496441957349237 9.03824182917131 -94.56538 253.1173 53.55
1 0.450702343603829 10.7027622853104 -98.59218 165.9204 51.52
1 0.41048066111519 9.26408361989795 -103.77572 86.41779 52
1 0.400404249891825 10.2234380185124 -93.91005 77.24054 51.191
1 0.360619624320878 10.2819075173669 -95.17956 47.9578 51.02
1 0.385743352040724 9.50213742627832 -100.62383 67.73041 52
1 0.561273418651352 9.64391774225619 -99.57601 286.8174 53.55
1 0.5352273054055 9.71122361185 -104.5866 279.3868 53.32
1 0.359332388681901 10.7386682687966 -106.28602 46.76155 51.02
1 0.455919009387452 10.5156118019537 -112.2254 182.2121 52
1 0.484761920150399 11.0104077541521 -99.20937 236.6648 51.02
1 0.459750974552479 9.47981497767661 -103.7757 182.0929 53.32
1 0.507806411357614 10.9173951399068 -95.68939 263.7287 51.71
1 0.499692784171645 9.62882187482086 -104.5866 255.0244 54.31
1 0.605394206161046 9.58724800008698 -99.98148 322.562 53.54
1 0.384004892104334 9.80566725754598 -91.79079 66.61326 52
1 0.563200024090923 10.2346141128038 -103.8935 286.3976 52
1 0.579979028450575 9.94506051484973 -104.5866 294.8062 53.32
1 0.313657663306786 9.13732120711275 -88.157477 3.680739 50.51667
1 0.605724018571363 9.56509898837475 -99.98148 322.7763 53.55
1 0.537119687281171 9.81742464635574 -104.3635 279.1103 53.32
1 0.557565066113416 10.065810562222 -94.97084 289.1812 53.55
1 0.366547799208359 9.47334320139361 -107.58038 53.31812 52
1 0.475685818152764 9.48433795653161 -99.28833 219.6879 53.55
1 0.392689860081702 10.134756672932 -92.69465 71.49661 50.51667
1 0.389046977280791 9.92489557379612 -84.47657 68.03381 51.71
1 0.570436524630629 9.31561889719841 -99.98148 293.5542 54.31
1 0.45858230902722 9.09895085966092 -104.027 181.2345 53.32
1 0.586373743865528 10.2113540445979 -104.1314 304.259 53.32
1 0.452749415217346 10.0552846311622 -103.8935 169.6576 52
1 0.593223137674131 10.184666632681 -104.1812 312.1377 53.32
1 0.320403124310577 9.34679194962687 -91.693206 6.065708 51.02
1 0.378849694692239 9.96606657450332 -90.58581 63.22679 51.71
1 0.34950241280694 9.47642624102219 -99.44726 35.04414 51.191
1 0.619135506821447 9.15316945316613 -94.46002 338.3495 53.55
1 0.412353066945804 10.6469586411244 -99.78473 88.42775 51.02
1 0.338348267891491 10.2469440962314 -86.80035 23.36486 49.43333
1 0.497546617818112 9.92053413662635 -99.28833 253.8382 54.31
1 0.457012242946663 9.32540557260061 -99.57601 177.5811 53.55
1 0.466478931431152 11.0389306652599 -99.61483 202.1459 51.02
1 0.339873770730913 9.49991715950018 -92.99476 23.62883 51.02
1 0.585958930129575 9.09768260983931 -97.34242 304.1932 54.88
1 0.393692940613622 10.498396238194 -94.38105 72.09705 50.51667
1 0.567447855750454 9.15056038669625 -92.33178 291.8135 54.88
1 0.437612527130957 10.5939681698419 -94.59077 139.1893 51.71
1 0.318920450317761 9.68239206294541 -95.192985 5.001601 49.33333
1 0.457752181344054 10.7244691835456 -100.2572 182.9784 51.191
1 0.397854284376837 9.2724173057861 -103.88008 75.44872 52
1 0.584826115367317 10.2607282028002 -103.7757 306.0163 53.32
1 0.381442710408924 10.9830210084156 -100.70002 64.10813 50.06667
1 0.528507735878235 9.42726114396419 -95.37631 277.9601 53.55
1 0.42294535531014 10.5748038558367 -100.7124 105.2149 51.02
1 0.548400026407716 9.12411936570163 -92.8914 283.4887 54.88
1 0.539990174143459 10.2510521224068 -104.6048 278.5357 52
1 0.578088542429247 10.0211547682132 -100.2692 302.4865 53.55
1 0.368586373747158 10.3788347439329 -105.41132 55.06873 50.51667
1 0.31425696163156 9.55715717411652 -94.227904 5.442732 49.33333
1 0.45629851498616 11.2109330754108 -99.79815 188.3186 50.35
1 0.517579086017591 9.13477709168277 -94.27769 272.8089 53.55
1 0.379870888480387 9.69847910171159 -95.19198 63.16461 52
1 0.487351279943826 9.59698928352742 -104.8743 241.3265 53.32
1 0.35699327064759 10.1487593738398 -91.33753 44.89854 50.51667
1 0.557284052564111 9.12720555845025 -94.68316 286.3972 53.55
1 0.544667355698301 9.27369694663648 -100.6746 283.6812 54.88
1 0.356056798930623 9.1294542621086 -104.02703 44.02957 52
1 0.47951035460555 11.1447172832153 -100.036 231.2309 51.191
1 0.545963075446739 9.44503408723319 -99.57601 284.3562 53.55
1 0.393174343676301 10.3808753480881 -95.44053 71.90601 51.191
1 0.341019852002215 9.22171820231894 -93.23265 24.43781 51.191
1 0.588568942463357 10.0486460136973 -99.57601 306.9988 53.55
1 0.441372495494207 9.78893617311283 -103.6714 144.0851 52
1 0.579185245322523 9.28877845990407 -99.98148 294.6393 53.55
1 0.559315792946552 10.9182414064107 -91.38777 284.5097 52
1 0.398090686447755 9.23401372402708 -104.13139 74.81044 52
1 0.378142559901602 9.75977038866951 -91.38532 62.72866 52
1 0.481980250429548 10.8461290159591 -100.376 232.2596 51.191
1 0.517141796713613 10.0630416736387 -103.7757 270.5619 53.32
1 0.434612421957299 9.3567332875203 -103.8935 127.9922 52
1 0.424010681346059 9.95232239788963 -103.7757 110.1746 52
1 0.575869481837645 10.0592005800022 -99.28833 296.1392 53.55
1 0.327564439824887 9.50679630772315 -92.8914 10.56613 50.35
1 0.497643877362832 10.0181284786023 -103.8935 257.875 53.32
1 0.360817698817252 10.4220492921738 -100.9877 50.31992 51.02
1 0.512235568127222 9.23572209947719 -99.98148 269.5813 54.31
1 0.464630586122343 9.02509537097759 -95.66399 197.3938 53.55
1 0.545546243651444 9.04834614944895 -97.34242 287.0399 54.88
1 0.323276512088097 9.52072846435552 -82.888331 7.951538 50.18333
1 0.495765139193466 10.0727373827709 -103.6714 254.94 52
1 0.441232833640493 9.88718950122554 -104.027 144.4616 52
1 0.519710028135986 10.2002486191787 -104.1314 273.1905 52
1 0.476201760985813 9.8034632163748 -103.8935 220.6095 53.32
1 0.440175758359925 9.48702291870414 -103.7757 138.3864 52
1 0.410052850712754 10.6179311535329 -100.08484 87.53147 50.51667
1 0.489287045198103 9.01243159128592 -94.97084 244.7025 53.55
1 0.399078184888244 9.03140954065294 -103.67136 76.60027 52
1 0.336349876022688 9.83032077659463 -91.75197 19.83756 50.35
1 0.479842448663479 9.65950165961066 -95.37631 229.8378 53.55
1 0.428543507402739 9.46354425223649 -103.7757 115.6006 53.32
1 0.430296638425044 9.94318538023514 -104.027 122.3882 52
1 0.413481389364082 9.01386760328861 -103.77572 91.48911 52
1 0.298454924065666 9.05121897434484 -81.366504 4.149578 50.35
1 0.465008569333528 10.3760774288415 -110.9046 200.8105 53.32
1 0.625183837093343 9.17013466299669 -94.05455 346.5506 53.55
1 0.398315809654922 9.16513707720564 -103.67136 76.68501 52
1 0.470070630635024 9.37508001356298 -95.37631 207.9436 53.55
1 0.4766950763923 9.70641357477807 -104.1812 223.2914 53.32
1 0.443069150935608 9.57290365982044 -103.6714 148.2928 52
1 0.56098509501394 9.24349997005606 -95.37631 287.8162 54.31
1 0.5010373324733 10.9167509221032 -101.2027 256.7306 51.02
1 0.585392643474491 9.43756463941379 -94.05455 301.4757 54.31
1 0.565526926795166 9.89594696152926 -98.59518 294.6323 53.55
1 0.412604958224454 9.79390044266707 -104.82354 92.60129 52
1 0.410773868299532 9.50800835044705 -103.67136 87.44677 52
1 0.331606562612689 9.04457457348373 -93.91005 13.59434 51.191
1 0.46373326534208 9.90474049839954 -103.6714 198.0726 52
1 0.574901429952192 9.36507920646976 -98.65972 294.3483 53.55
1 0.399356905242457 10.0177269470972 -92.72283 77.48584 51.02
1 0.570183005961048 9.96385125423828 -104.1812 290.6641 53.32
1 0.613021450566693 9.93195815858053 -99.28833 327.7715 53.55
1 0.474734289356554 9.7673245638645 -99.42186 217.9009 53.55
1 0.30847566226098 9.03247179616196 -81.894079 2.176761 51.02
1 0.445047541451023 10.4301978191673 -114.998 155.8562 52
1 0.473745342088631 9.3022995253969 -93.76687 216.869 53.55
1 0.264330426112504 9.17937345226208 -96.80142 33.96743 49.43333
1 0.361420712743426 9.48265471675753 -106.99259 49.60751 52
1 0.492772626611812 9.49812635307305 -100.6746 249.0447 54.31
1 0.456770756755694 9.50473799542553 -94.46102 177.574 54.31
1 0.435959543257015 9.51153159810591 -103.7757 132.9224 52
1 0.401596263005096 9.06665204283275 -99.06619 78.8634 53.55
1 0.471039498629759 9.5456778347076 -105.2798 210.2288 53.55
1 0.543170795008587 9.9133958345296 -94.12354 282.023 53.55
1 0.461144504782226 9.65101749036211 -104.027 188.5957 54.31
1 0.352238657793967 9.63598021682084 -98.8039 38.18398 51.02
1 0.406683297256089 9.38885665649758 -103.99786 83.15006 52
1 0.533336720381171 11.1240758394672 -98.8039 276.3002 51.02
1 0.471933984220808 11.0953675727664 -99.73262 216.3911 51.02
1 0.591132231284998 9.17677358191711 -93.58455 306.2072 54.31
1 0.494115918138239 9.75141277783038 -94.27769 249.2052 53.55
1 0.484222648341698 10.1595565261056 -103.6714 239.1365 52
1 0.372971787181933 9.21054318385717 -90.8745 59.23885 52
1 0.587638153220282 10.8388385563071 -93.23165 308.953 52
1 0.396521596876549 10.3851731023755 -99.2993 74.46119 51.191
1 0.41691220686023 9.41707753122115 -103.8935 95.17628 52
1 0.441041428515065 9.25228746404982 -98.4774 141.9882 53.55
1 0.62082585720332 9.13281583392987 -94.97084 342.408 54.88
1 0.336881048570923 9.15717947232403 -114.48813 21.00383 51.191
1 0.601016799765028 9.37765648247336 -95.66399 317.3246 54.31
1 0.353831499295781 9.0624897348815 -103.7757 42.2818 52
1 0.492574678982113 9.6335470658188 -100.6746 250.3571 53.55
1 0.379441898531281 10.8750649220604 -94.82634 62.72967 49.43333
1 0.505960627560096 9.28283549719612 -95.37631 264.2378 54.31
1 0.344865759250941 9.31001464009867 -91.90857 30.59115 51.71
1 0.268711601976596 9.23140905984904 -106.4038 25.24765 50.06667
1 0.371649950153951 10.626031749237 -88.07851 57.04962 51.02
1 0.322240748564579 9.16247101409908 -92.000507 6.815314 51.191
1 0.575706748225971 9.02346190421056 -96.7646 295.409 54.88
1 0.426217455328553 10.7072933300577 -98.22854 114.19346 50.51667
1 0.560746767886111 9.99719122023485 -93.99001 286.4381 53.55
1 0.498551860090316 10.21253682801 -103.7757 259.6506 52
1 0.428366937690985 9.31822569585516 -103.6714 114.1235 52
1 0.302105119182071 9.07746334899205 -82.100473 3.466395 50.35
1 0.553067275591206 10.1473738959456 -104.027 284.1001 53.32
1 0.42979412813338 9.31640009689238 -103.6714 116.693 52
1 0.593051812912483 9.00611688757088 -100.6746 310.7889 54.31
1 0.365569772293157 9.18912932706031 -103.8935 54.20655 52
1 0.399694151913963 9.95420384252543 -92.07747 77.27719 52
1 0.624319725642353 10.1084663261469 -95.15316 347.1873 53.55
1 0.292587549965671 10.0790767885572 -98.579758 5.153581 50.18333
1 0.348966715103056 10.2640483260499 -92.68746 36.28805 50.51667
1 0.57432505386261 9.08007873563189 -100.6746 295.0614 53.55
1 0.547652353128628 9.75566455112211 -99.75833 282.8647 53.55
1 0.324971317144984 9.63042994148342 -82.413873 9.153159 50.51667
1 0.41254945743198 10.7846911921494 -99.52522 89.78885 50.51667
1 0.340030780575593 9.95694075815566 -92.43514 25.11522 51.191
1 0.391987148001831 10.9149925576122 -89.69592 71.02698 51.191
1 0.42015400187666 10.0684435560437 -108.0912 103.8724 51.71
1 0.341911646921496 9.44550731892505 -94.19773 25.23971 51.191
1 0.568099123377807 9.16437994067796 -93.76687 288.968 54.31
1 0.351781661348639 9.40199699754221 -109.18982 38.93438 51.71
1 0.519496544672089 9.70506760218315 -100.2692 272.7327 53.55
1 0.45912776868135 11.2542324141208 -98.98722 192.7093 50.35
1 0.444191193569073 10.1138194887755 -104.1314 150.6609 52
1 0.489691910970025 11.070038679871 -99.18875 244.146 51.02
1 0.469935545701213 10.0103714594636 -103.6714 211.7596 52
1 0.479735797392938 9.94631979438686 -103.6714 230.4337 52
1 0.505597662458231 9.64433650170348 -94.68316 263.3883 53.55
1 0.460288656643615 9.13043281727034 -99.28833 184.1809 53.55
1 0.524951163151913 10.7824973985231 -103.1486 272.9286 51.71
1 0.300646583919541 9.25755819181952 -81.27612 2.470776 50.51667
1 0.566424404315546 10.1932282778285 -103.8801 288.1034 53.32
1 0.414753473436704 10.8824409784815 -94.33226 94.95873 50.06667
1 0.455512912726647 10.4831196799467 -111.0224 180.6109 52
1 0.399061551079305 9.74895834267698 -101.13466 76.38777 52
1 0.617904435234884 9.37704433007317 -98.65972 338.809 53.55
1 0.343965866457392 9.53621300273761 -94.13319 28.65281 51.191
1 0.503323331612517 11.0892031625269 -99.74736 258.6139 51.191
1 0.367818197444372 10.7448714925656 -95.9397 53.73313 50.35
1 0.391410242329084 9.23689931881061 -104.91315 72.04263 52
1 0.493021454498329 10.2200008650327 -103.7757 252.1996 52
1 0.442007531094819 9.51407810935937 -103.7757 143.5687 52
1 0.557638474786055 9.90962105638749 -99.42186 289.6194 53.55
1 0.453464370497357 11.0869874947254 -99.643 172.8668 51.191
1 0.468575377271476 9.71601787985367 -98.37304 210.5874 53.54
1 0.460381554844201 11.144186878433 -99.39169 190.9554 51.02
1 0.31738469046395 9.11142905742157 -92.251822 4.191176 51.191
1 0.558353397892916 9.05646605161851 -97.34242 287.4026 54.88
1 0.414550630237832 10.1449232994615 -94.42088 92.13177 51.191
1 0.493115070009005 10.8422157838106 -101.0921 247.2583 51.191
1 0.356365545575705 10.5096171461464 -89.94824 43.93954 50.18333
1 0.526887979913125 9.80107402656093 -104.3635 274.7016 53.32
1 0.433228827371611 10.1621884519898 -104.2855 129.4763 52
1 0.322063670525741 9.75823125603347 -82.976943 7.422324 50.51667
1 0.543286524521984 10.2848994917854 -98.4774 281.0359 53.54
1 0.405754206003231 9.56366585733468 -104.71918 85.31199 52
1 0.509745516114117 10.949897700073 -98.59996 262.1481 51.191
1 0.464455438372609 11.1174074525058 -99.37827 200.2775 51.191
1 0.446964295570448 10.5608606634074 -100.5459 159.2735 51.191
1 0.594195205556537 10.0092623824824 -99.42186 311.9497 53.54
1 0.431685503019724 10.6709608994153 -100.1528 124.9796 51.02
1 0.504711133034865 10.197735910334 -103.6714 264.8732 52
1 0.500639339696459 10.7061286763245 -104.2472 252.1355 52
1 0.443698843785509 9.39505355427309 -103.6714 148.1463 52
1 0.315351102436468 9.13100551425456 -81.368505 3.973132 51.191
1 0.446448630080855 9.26830094212142 -98.59518 152.8942 53.55
1 0.401101386833558 9.09405489701632 -103.77572 77.23828 53.32
1 0.435150840335718 9.64240424967004 -103.8801 130.2284 52
1 0.53732088800522 9.33746432963567 -96.06945 280.362 53.55
1 0.490834652308992 10.1176200779359 -103.6714 247.1692 52
1 0.418781636354275 9.11402526931709 -103.8935 98.22073 53.32
1 0.382859264567238 9.19940232130472 -100.77798 67.79184 52
1 0.573948520728073 9.3642472375551 -100.2692 291.9492 53.55
1 0.395310152278934 9.17752468902071 -104.35353 74.78591 52
1 0.357123770995054 9.85299866190262 -93.65154 44.79347 51.191
1 0.453245847782446 10.4365810628599 -111.1425 174.2658 52
1 0.389204168744216 9.22492994827236 -104.53686 70.45207 52
1 0.342255691616534 9.36975420204329 -92.14846 25.3484 51.191
1 0.492347977685824 10.1657355438894 -103.8935 250.1776 53.32
1 0.385413546496735 9.53433134654467 -101.65345 70.02364 52
1 0.488229274884606 9.78777844830172 -100.2692 241.1107 54.31
1 0.586704653305985 9.22119990268786 -94.27769 305.6385 53.55
1 0.381971007943223 10.5703012984443 -89.98806 63.02401 50.35
1 0.497899453852628 9.26942100961501 -99.75833 256.0772 53.55
1 0.532293668456184 9.24161051922751 -96.7626 280.054 53.55
1 0.315158744571637 9.72808938155364 -87.254609 3.892465 49.43333
1 0.5167941526476 9.86232804798946 -99.06519 270.8401 53.55
1 0.434049389045884 9.75044694500958 -103.7757 127.7301 52
1 0.448854422530846 10.8500255861662 -99.19594 161.2608 51.191
1 0.571262329537183 9.35896605149604 -100.2692 290.0538 53.54
1 0.542269840491162 9.24131909643399 -96.7626 281.0882 53.55
1 0.565275087554863 9.61694910333218 -94.27769 289.3919 53.55
1 0.480357650419546 10.1219625382014 -103.8801 231.9742 52
1 0.582107079296373 9.62481937554519 -94.27769 302.2157 53.55
1 0.306547250342672 9.30001574582455 -82.72463 3.23234 50.51667
1 0.387745923818188 9.5443959334378 -104.73838 69.98029 52
1 0.460738453561545 10.4525702606529 -111.4144 192.4912 53.32
1 0.400282962494565 10.3936370327271 -98.8039 75.71536 50.51667
1 0.594909126358281 9.83703353290394 -99.98148 310.9799 53.55
1 0.429357454080181 9.09090733519482 -103.7757 115.1146 53.32
1 0.411959047087148 9.63639213475114 -104.69101 88.52835 52
1 0.5014494506458 9.64760644272901 -94.97084 260.7234 53.55
1 0.372252946640539 9.60062159722071 -97.0891 58.44555 52
1 0.314128961370897 9.66335837649048 -87.066833 3.911966 50.06667
1 0.508893552044843 10.2881234107702 -103.6714 266.3244 52
1 0.541401995573886 10.231392032525 -103.8935 280.5215 53.32
1 0.340241253119928 9.52790509900544 -93.41597 23.86602 51.02
1 0.415170312435739 9.22418373441574 -103.77572 94.57564 52
1 0.407614153261256 9.43366630727268 -103.77572 86.33001 52
1 0.63110398086115 9.56107855655788 -95.37631 361.3541 53.55
1 0.534004946809891 9.66833149189252 -103.8935 278.2486 53.32
1 0.629901651949383 9.23202767991152 -95.37631 356.4738 53.55
1 0.458057532070024 10.7711528642254 -95.83534 181.1008 51.52
1 0.355119054915058 10.4565232774243 -94.77655 41.82634 51.02
1 0.374416075348028 10.8301762657268 -89.54277 59.08539 50.35
1 0.527104960296676 9.19393059381901 -94.97084 279.6 53.55
1 0.588769510933833 9.50591464510735 -99.42186 305.1599 54.31
1 0.439148425531306 9.20533488041157 -103.6714 137.1152 52
1 0.486217185697117 10.2705520146941 -103.6714 240.8027 52
1 0.309866375466244 9.13906893905159 -82.322617 2.964765 51.71
1 0.416544396730879 9.41517299481126 -103.77572 95.21984 52
1 0.479113567229576 11.2249307358203 -100.308 228.2844 51.02
1 0.369381168428302 9.33453850470926 -106.76945 55.64227 52
1 0.524396008536255 9.83904081877292 -104.8743 273.9705 53.32
1 0.482061837393092 10.1988371156457 -104.027 236.2961 52
1 0.511425873992674 9.47578238990094 -99.75833 269.9156 53.55
1 0.349728632014489 9.23732761393423 -99.52622 36.59504 53.54
1 0.456869386270741 10.2166532434947 -104.027 178.8764 52
1 0.319678251224215 9.87958464301389 -100.190197 5.517658 50.06667
1 0.448091445615236 9.28267087919387 -104.1812 156.0234 53.32
1 0.303745105231222 9.47303530401306 -88.571911 3.747774 49.43333
1 0.400487161595572 9.50039642727852 -104.46786 79.52637 52
1 0.402001553238207 10.151928318406 -94.16236 78.43791 51.02
1 0.518102358576667 10.3260751817225 -103.7757 269.267 52
1 0.477806640473951 9.37935660023731 -99.28833 224.527 53.54
1 0.513533683555282 10.1713022351185 -103.8935 270.7559 53.32
1 0.560098043058027 9.1316698232409 -92.87078 287.8759 54.88
1 0.275206733813055 9.65386267784686 -97.22264 13.42577 49.33333
1 0.530463065086183 9.41473088702612 -96.06945 278.6253 54.31
1 0.538975483665313 10.213508604368 -103.6714 279.5856 52
1 0.306398110299889 9.42206371138844 -96.291597 2.164759 50.18333
1 0.302662300673634 9.16032842378667 -86.779151 3.112752 50.51667
1 0.350768847756076 9.31944502293802 -104.3615 37.03082 51.71
1 0.306872165939491 9.82616973322048 -96.866961 3.130599 50.18333
1 0.347921420435025 10.2538156112551 -92.59029 35.67427 50.51667
1 0.449804016583791 9.54129432925436 -103.9979 161.4379 53.32
1 0.364957944648113 10.4936762590214 -94.89088 54.35825 51.02
1 0.430848134777194 10.8105308795894 -99.41809 121.6971 51.191
1 0.5796909799952 9.57337656024971 -95.66399 294.8196 53.55
1 0.472936734086752 11.1884657316036 -99.08339 218.7734 51.02
1 0.61366642080365 9.11977347420284 -94.56538 331.3681 54.88
1 0.452571695959935 9.01302225637488 -104.5866 164.9183 53.32
1 0.628733146212483 9.06019160038407 -93.99001 355.5739 53.55
1 0.469414461852919 11.2634546207763 -98.69954 211.0367 50.35
1 0.394998560156027 10.5304320789777 -99.39169 72.21974 50.51667
1 0.583159321508178 10.167421255343 -94.81669 298.9513 53.55
1 0.359455082678836 9.74723294979637 -94.96984 47.74228 50.51667
1 0.605448239501094 9.29124321536935 -99.98148 321.0503 54.31
1 0.536777803343191 9.67398188772326 -103.8935 280.076 53.32
1 0.32699882191582 9.85476716665062 -88.3398 10.45316 50.35
1 0.469236736925505 9.85910543864249 -103.7757 209.6268 53.32
1 0.519441069004184 10.8771381369381 -95.24755 272.0287 51.52
1 0.549440218993957 9.72197400792525 -93.99001 285.4518 53.55
1 0.485925106336182 9.06158853394934 -94.27769 238.607 54.31
1 0.316135757666268 9.30832655110006 -87.192396 4.440416 50.35
1 0.298038739214442 9.48166886994476 -94.604197 3.706435 49.36667
1 0.405912758709613 10.4917648680982 -100.41234 81.08995 51.191
1 0.549793519368576 9.48043922268046 -99.98148 285.4394 54.31
1 0.346779933079006 9.86270265408646 -93.91105 33.22113 51.02
1 0.633916878401296 9.35465549947217 -94.97084 365.2338 53.55
1 0.634402213718457 9.58800937678636 -93.17908 368.4921 53.55
1 0.349156381993502 9.77821253896627 -93.79227 35.35753 51.191
1 0.566086748304474 9.0919566600644 -97.12028 288.9028 54.88
1 0.365451648154465 9.95579462398135 -93.53376 53.16519 51.02
1 0.5457098404927 9.44854639270913 -100.2692 281.6626 54.31
1 0.462508563602413 9.40424356407771 -98.65972 190.0139 53.55
1 0.437750360107678 10.1095496900487 -104.3899 136.3158 52
1 0.42106648488206 10.2801886071182 -92.48493 103.69898 50.51667
1 0.377812988538528 9.406088391283 -84.83424 61.83158 52
1 0.370293556726485 9.40021364467498 -104.759 55.50668 52
1 0.598716214524658 10.8895366594629 -98.06793 316.108 51.71
1 0.477045791014051 10.0006178773179 -103.7757 225.6209 53.32
1 0.453707376733847 10.6215750250171 -100.71344 174.52639 50.51667
1 0.494073297111195 10.3156641802483 -103.6714 253.4367 52
1 0.358327016758238 9.73780739645002 -88.22202 46.274 51.52
1 0.522374038792966 9.99302094503125 -103.7757 273.4309 53.32
1 0.420467555879691 10.7547764098218 -98.59996 99.92561 51.02
1 0.357904913368303 10.5503740505562 -94.55441 45.77956 49.43333
1 0.583476113579812 10.2276917038517 -103.7757 302.2586 53.32
1 0.52193197838504 10.2208220815356 -104.2855 274.0627 52
1 0.447265141087334 9.41196442539676 -103.6714 157.0704 52
1 0.506926397407393 9.87014960635157 -99.28833 264.2867 53.55
1 0.455128778034984 10.7997244573047 -98.84104 178.2555 50.35
1 0.38685315188953 9.99774933521461 -97.70529 66.53848 51.02
1 0.426107060714398 10.1136708848483 -108.3789 112.4667 52
1 0.407459824115876 9.78336725288507 -105.45215 84.37252 52
1 0.419688974893012 10.0648450180205 -103.8915 103.1833 52
1 0.548080642783031 9.63954605270916 -99.57601 283.7053 53.55
1 0.477423177919217 10.3367777724776 -103.8935 225.1167 52
1 0.432194343251135 10.0551865305299 -103.7757 125.5469 52
1 0.536275507371931 9.1286591035928 -92.33178 280.0147 54.88
1 0.562495178557705 9.85727244794456 -99.42186 287.5318 54.31
1 0.48585222857293 10.2012929845689 -103.6714 240.2598 52
1 0.502685049005726 10.7761131737996 -102.2721 257.3688 51.191
1 0.330676666653587 9.65487194206979 -88.49495 14.04173 51.52
1 0.478231375873252 9.8798421052029 -103.9979 228.6642 53.32
1 0.359718660251476 9.48532195061358 -109.18982 48.65961 52
1 0.433762212883896 10.1870097610041 -103.9979 129.4004 52
1 0.355579727796651 10.4555306924579 -87.88554 42.52461 50.35
1 0.35200473489163 9.11398639185831 -104.13139 39.75323 52
1 0.482742908648174 10.9459628713066 -99.90251 232.7208 51.191
1 0.404109762090701 10.7510845042904 -98.73969 81.38051 51.191
1 0.432788264511083 9.00567502744182 -94.81669 123.8028 53.55
1 0.547543269197649 10.3146642325547 -103.7757 282.2621 52
1 0.500089584972686 9.23391499921965 -95.15316 257.553 53.55
1 0.305111403637868 9.82050377257256 -88.61173 3.0503 50.06667
1 0.549623551330977 10.2999723343708 -103.7757 282.8068 52
1 0.491855598745734 9.15080981015571 -99.17055 249.2763 54.31
1 0.445475000837335 10.6093418374005 -95.29734 153.5627 51.52
1 0.630623709109187 9.9758961541219 -95.37631 356.9183 53.55
1 0.362289575677639 9.05878709548496 -103.77572 50.99884 52
1 0.376428523469891 9.33939951877581 -90.58681 60.65321 52
1 0.352928368529625 9.68257353783067 -93.2169 39.72619 51.191
1 0.557254775181809 10.3126048426812 -103.6714 285.3028 52
1 0.451420424238179 10.084451664471 -103.8801 165.9369 53.32
1 0.370773127768061 10.1758033812001 -94.26672 57.73029 51.191
1 0.390665694656916 9.56063274413935 -104.9132 71.8972 52
1 0.477563846462657 9.50284635592141 -99.57601 223.4913 53.55
1 0.562620843957109 9.69612458867091 -99.28833 287.1337 53.55
1 0.402954422567075 10.2267702141821 -98.69854 79.57953 51.02
1 0.62327937109794 9.7689565408167 -99.42186 344.4677 53.55
1 0.52794780992255 9.35322883850313 -95.66399 277.0052 53.55
1 0.584722239717329 9.93861697744578 -98.37204 304.6109 53.55
1 0.326269539066835 9.00045605191961 -94.198732 9.199857 52
1 0.532054033923958 9.89704302430147 -98.59518 278.0908 53.54
1 0.428867774329189 9.44661849798221 -103.7757 116.7174 52
1 0.568486324686353 9.98631938723847 -104.3635 288.8333 53.32
1 0.415851924976014 9.80952221268456 -103.8935 95.1182 52
1 0.551801453340356 9.3665749447936 -93.99001 283.8718 53.55
1 0.495575033819641 10.9022807829937 -100.777 252.4679 51.191
1 0.436295130792429 9.77973088603571 -103.7757 133.8861 52
1 0.40814222858033 9.85708780226635 -105.85761 86.93026 52
1 0.390027624743199 10.4205454929518 -93.67794 68.09515 51.191
1 0.380972157630586 10.6822783142446 -88.67327 64.69911 51.02
1 0.333149574785016 9.54174717874842 -92.99476 14.88987 51.191
1 0.539803461551189 10.2712510198188 -104.4871 279.2952 52
1 0.482508681902289 9.83955783918989 -103.7757 235.3754 54.31
1 0.463476012977347 9.17845090202411 -94.46002 195.4824 54.31
1 0.542594975857751 9.02855996315251 -97.78425 282.6972 54.88
1 0.46337072583767 11.2048198892599 -99.20937 191.2868 51.02
1 0.487162103808945 9.78959832109173 -100.6746 243.555 53.54
1 0.349692034965049 9.8232324971538 -92.99576 35.37655 50.51667
1 0.496312636686163 9.78541951845452 -94.27769 253.9555 54.31
1 0.518434443640424 10.7581589506671 -104.1782 272.3681 52
1 0.294998530263262 9.29629137225001 -84.974969 4.535343 50.18333
1 0.321421595043561 9.73495927874569 -95.990492 6.403871 49.43333
1 0.369187172890653 9.57766056243779 -97.48015 57.02216 53.32
1 0.479225921567774 11.0830754430325 -98.98622 227.1137 51.02
1 0.40385029500025 9.18768434622005 -103.8801 79.3432 52
1 0.501527727316896 11.2334253635011 -100.5459 257.1988 51.191
1 0.593971273736481 9.79737185333791 -98.88286 312.3278 53.55
1 0.421288225953415 9.56782598232036 -99.27491 105.17 53.55
1 0.602216244890913 9.4473452412748 -95.37631 319.1097 53.55
1 0.328721908199263 10.1903790723479 -95.70281 11.66559 49.36667
1 0.467496558733174 9.96757534566085 -103.8935 202.8283 52
1 0.608195177331776 9.55012284296472 -99.98148 324.8622 53.54
1 0.427584051146969 10.3413616577232 -94.27669 116.74882 50.51667
1 0.547243361461361 9.42960235720495 -104.1812 283.5227 53.32
1 0.485365949256736 10.8869262821606 -95.68939 237.9481 51.71
1 0.607811141127889 9.57502429431112 -95.37631 323.2023 53.55
1 0.442526121075481 10.9429691355326 -98.03457 148.6863 50.35
1 0.53741062358034 11.1235762421991 -100.0203 276.4232 51.191
1 0.57318631662507 9.22218024609319 -94.68316 295.7112 53.55
1 0.533914815757389 10.0718087194103 -99.28833 278.418 53.54
1 0.53937425382745 9.62930358231015 -96.06945 281.0341 53.55
1 0.582349808735395 9.23284491702891 -96.97332 301.9569 54.88
1 0.488384702098725 9.78395540397096 -103.8935 241.2788 53.32
1 0.443325260380696 10.9141599610521 -99.10501 147.6272 50.35
1 0.387876942727278 9.87138834806235 -84.12535 71.69201 52
1 0.465488300202455 10.7000453715337 -97.31125 204.5375 51.71
1 0.363002625226998 10.2635990400063 -92.35718 50.82333 51.191
1 0.415514421060495 9.61973410000844 -104.13139 95.33238 53.32
1 0.581059294530389 9.8318627711201 -99.57601 300.6128 53.54
1 0.418472358525998 10.0757985307152 -94.13319 100.0683 51.191
1 0.506684454576869 9.24576964906161 -94.68316 265.02 54.31
1 0.421431585701532 10.4147134279461 -95.36534 105.2682 51.71
1 0.40069682118994 11.0468808465567 -102.6751 77.32993 50.35
1 0.504433227511996 9.45904405840393 -94.68316 260.6172 53.55
1 0.532502638462873 10.1463736423907 -103.9979 274.719 53.32
1 0.447753626669082 10.8559888399605 -98.69954 161.4093 50.35
1 0.593731222938141 9.190869713775 -94.46002 308.6816 53.55
1 0.444630791204271 9.01122431657603 -99.28833 144.7911 54.31
1 0.35117635938655 9.030010165605 -103.77572 38.33242 52
1 0.438237396546907 9.71030431842827 -103.8935 136.9402 52
1 0.383503674437176 10.6141047775481 -98.58421 63.4425 50.51667
1 0.37185354374334 9.25813776700484 -100.0203 58.6063 52
1 0.567715683223243 9.82391263536323 -105.9729 288.9633 54.31
1 0.339041543869401 9.45862562852853 -93.60275 23.16405 51.02
1 0.524656684093661 10.2890272449209 -99.86615 273.9705 53.55
1 0.284993322615477 9.15527359317534 -95.585027 7.909315 49.43333
1 0.466383998279012 9.47128531237232 -103.7757 202.4663 53.32
1 0.466977676698146 10.3518660083876 -110.9338 201.6479 52
1 0.3369639857798 9.42263453479414 -92.18383 19.75055 51.02
1 0.347243787995283 10.5959248027376 -95.17956 34.56995 49.43333
1 0.480154769740114 9.96206241529144 -99.42186 230.3802 53.54
1 0.395590904101665 9.13597500356007 -103.99786 73.71724 52
1 0.460670224754489 10.0599713084707 -103.6714 189.9388 52
1 0.52753438179206 10.0857793768117 -103.7757 274.5205 53.32
1 0.47409451405803 10.5482061797713 -110.9338 218.4945 52
1 0.377909834100871 9.45114040831325 -95.19198 61.96044 52
1 0.524339924988203 11.1483908343088 -99.10401 271.1702 51.02
1 0.377106445372145 9.55174083278171 -87.65562 61.983 52
1 0.434176596049912 10.0862810933003 -103.8935 130.0686 52
1 0.33944200747062 9.10395585938048 -105.04668 22.67541 51.02
1 0.54925760674912 10.0368348290482 -103.6714 282.5409 52
1 0.367302332140296 10.7203211283915 -89.68973 52.54556 50.18333
1 0.406463802918419 9.62136363566131 -104.69346 82.52863 53.32
1 0.496849109353969 10.1694634480765 -103.7757 257.4501 52
1 0.549997576117673 10.2646009005661 -103.7757 282.9736 52
1 0.564500104887318 9.13213348799857 -97.34242 289.3194 54.88
1 0.40894579325075 9.72070138464851 -104.18118 85.47555 52
1 0.388380190127203 9.12611145652231 -105.229 70.22157 52
1 0.428823046133755 9.26273731373926 -103.7757 116.5112 52
1 0.519086412662524 9.18370000756416 -94.68316 273.86 54.88
1 0.40620609112393 9.43861186839355 -104.02703 82.99167 52
1 0.467252045372943 10.3170706122905 -103.9979 204.6027 52
1 0.599361169924477 10.0942708585152 -98.88286 317.1954 53.55
1 0.415335959788226 9.44829540373944 -103.67136 94.00942 52
1 0.395801906649861 10.4392188715437 -94.42088 74.59033 50.51667
1 0.476018694009038 9.56609808328998 -99.98148 223.5776 53.55
1 0.419009117899078 10.8090586868515 -99.3429 98.98729 51.191
1 0.450907015619759 9.42871949966101 -104.027 161.3613 53.32
1 0.568316177751025 9.96704779585311 -99.17055 289.9934 53.55
1 0.433420550188224 9.52031028951 -103.8935 123.9969 52
1 0.3386319779101 10.2089094723167 -92.48593 22.47447 50.51667
1 0.465191611305118 9.24519656920846 -95.15316 196.5325 53.55
1 0.589070086847659 9.32874454184866 -95.37631 303.733 54.31
1 0.408743526728003 10.7402703381224 -98.59418 86.51292 50.35
1 0.479035474505375 9.93579013267293 -99.75833 227.6207 53.55
1 0.341174842648313 9.99550214746973 -91.86078 26.22386 50.51667
1 0.461324197993876 10.2695362651755 -103.7757 189.6734 52
1 0.429899139528448 10.1270317767173 -108.4967 123.1242 52
1 0.417435072325869 9.61558093007701 -103.77572 96.69349 52
1 0.451911826669733 9.00930719591148 -100.2692 165.6052 53.54
1 0.581246119937359 9.56435145210894 -94.27769 299.4472 54.88
1 0.559059447812155 10.2913565856509 -103.6714 285.7522 52
1 0.32406424529145 9.77531967232085 -89.517373 8.402504 49.43333
1 0.608450131567399 10.003510605671 -99.06519 324.59 53.54
1 0.452268224377371 11.1981143979115 -99.05522 173.5186 51.191
1 0.368804408633855 9.96598381729861 -93.89043 57.71349 51.02
1 0.47541118383935 9.70672933304583 -98.88286 218.8028 53.55
1 0.618423988058412 10.1498486116907 -95.15316 338.8389 53.55
1 0.413768899948034 10.0149054022141 -94.45005 92.6836 51.02
1 0.415566252413497 9.33575622270978 -103.8935 93.0577 52
1 0.411069271837547 9.51821015580255 -103.99786 89.08623 52
1 0.600125565763726 9.82705064374436 -99.98148 315.6462 53.55
1 0.568675038677716 9.36062839917949 -99.57601 294.3991 53.55
1 0.606513431370031 9.94800783485669 -99.75833 324.6762 53.54
1 0.464326404368767 11.1641067307085 -99.16955 203.5243 50.35
1 0.635942002483667 9.06129004772461 -95.66399 366.4167 53.55
1 0.389812460410449 10.7410101067731 -89.43741 69.27159 50.18333
1 0.518394033865962 10.5991252944162 -107.04 268.8929 53.54
1 0.601345472675987 9.39916181159578 -96.06945 317.3971 54.88
1 0.377308201584406 10.5202757273148 -94.21593 61.89239 50.51667
1 0.387564294294699 10.175044669154 -92.43514 68.8368 50.51667
1 0.392789064838516 9.83278738653992 -93.98801 73.07588 52
1 0.396392884423374 10.8205874424372 -87.35351 74.87134 50.35
1 0.418266372605809 10.1088508679965 -93.39922 98.68199 52
1 0.609023027228442 10.0246757910488 -98.88286 326.6908 53.55
1 0.546583482572204 10.1073537807923 -98.65972 283.0978 53.55
1 0.40722280365043 10.1574091186806 -91.96514 83.81274 51.02
1 0.554763844398881 9.8582543822992 -104.027 283.9098 53.32
1 0.394098606108181 10.7808148335818 -94.02296 71.97933 49.43333
1 0.436359023504151 10.9516694280611 -100.1538 139.1603 51.02
1 0.604439233022754 10.052037636993 -94.46002 322.7415 53.55
1 0.552010443349351 9.9171551105915 -103.8935 284.5152 53.32
1 0.330954102325585 9.55941871742194 -92.99576 14.27002 50.51667
1 0.547447110896301 9.42445321555389 -94.68316 282.8174 53.55
1 0.489109528049262 9.96306092927232 -104.1812 243.3453 53.32
1 0.341520345522498 10.137767524382 -87.02004 27.64903 50.51667
1 0.502997105119954 9.03417877299496 -100.6746 260.0495 54.31
1 0.554999118958256 11.014748230441 -95.29634 288.6735 51.71
1 0.52222028847083 9.11694755527459 -97.22464 272.9426 54.88
1 0.404805208546779 9.11912795876461 -103.67136 81.39161 52
1 0.425143866330257 10.0405656319797 -103.7757 111.5971 52
1 0.454837971104134 9.28352210089465 -99.28833 171.7647 53.55
1 0.396986738557456 10.2293812000055 -93.46922 75.90745 51.02
1 0.616398661859729 9.47864521983184 -94.68316 333.7688 54.31
1 0.308671185052779 9.07256979864836 -83.251202 2.892636 51.02
1 0.345090936292877 10.2452451862639 -92.68123 31.29253 51.02
1 0.441518056049466 10.1245011802861 -103.6714 143.2867 52
1 0.364384486643778 9.0859613562937 -103.8935 53.00386 52
1 0.465890246733063 10.3337226865455 -103.8935 200.3755 52
1 0.499246181091108 10.0626124733546 -103.7757 258.2827 53.32
1 0.505730028610618 9.01751994088409 -97.49657 264.1092 54.88
1 0.541856395901012 10.2986587390872 -104.3535 279.7754 52
1 0.374963068049116 9.26185817433021 -90.94349 60.6673 52
1 0.409189232959918 9.78049914375145 -101.8766 87.07514 52
1 0.531190835828392 9.90183451577544 -104.1812 277.0264 53.32
1 0.535548131305195 10.1774058674767 -99.57601 277.0215 53.55
1 0.486685714516795 9.59569503061735 -104.1812 242.9969 53.32
1 0.467660548001615 10.0582425615071 -103.7757 205.5451 52
1 0.550992871388211 9.22720095424878 -98.88286 284.7561 54.31
1 0.29884265268452 9.35840716560715 -88.886992 3.716654 50.35
1 0.491117625399801 10.3435527153026 -103.7757 249.1488 52
1 0.515068632042653 9.49501558939571 -98.72871 271.0475 53.55
1 0.456347707680397 10.1510524532703 -103.8801 179.3732 52
1 0.356839856342151 10.1686689341503 -92.94597 44.12625 51.191
1 0.595381144401711 9.33662109994423 -93.17908 309.4789 53.55
1 0.55159243333271 10.0080160529874 -95.15316 284.7487 53.55
1 0.361456641237496 9.54002628934773 -99.16855 47.05597 52
1 0.397382509119541 10.0671694624935 -87.00229 75.84268 52
1 0.46214446937553 10.0639738919447 -103.6714 194.9814 52
1 0.439337565032195 9.83487451520911 -103.6714 139.1172 52
1 0.354139920992072 10.2751303126502 -88.25464 42.92293 51.52
1 0.605012515345879 10.1736725809165 -98.88286 319.9306 53.55
1 0.534783278877445 10.0022159097695 -99.75833 276.7501 53.55
1 0.342825479366898 10.2975223970285 -86.06739 27.85075 49.43333
1 0.442861012184067 9.1727165433013 -98.72871 141.9419 53.54
1 0.444305066020647 10.2502620378239 -104.4033 151.9705 52
1 0.348547801967448 10.0524553960059 -93.28244 34.56989 51.191
1 0.46399061872068 10.8904054673524 -99.39169 196.7355 51.02
1 0.432027815921907 9.81561979738675 -103.8935 121.1168 52
1 0.594204357183626 10.1431782826736 -104.027 312.1887 53.32
1 0.532939643178624 9.00470351126528 -97.47595 278.3437 54.88
1 0.352422683530842 10.1166722740128 -92.00151 40.01497 51.191
1 0.466744889823702 9.10011036877177 -94.27769 199.4992 53.55
1 0.468984272458003 10.4450312993735 -111.0381 211.0587 52
1 0.425890664996853 10.7177976419785 -99.52522 113.76357 50.51667
1 0.386615376987023 9.47079422303697 -95.25652 67.93521 52
1 0.487566770841857 10.0742250640455 -103.6714 243.7323 52
1 0.51012594408748 11.106008854032 -99.74836 260.604 51.02
1 0.484424100554193 11.1103002089431 -98.4956 236.1893 51.191
1 0.443808142840106 11.1755854250512 -94.33226 155.3153 50.35
1 0.425257900366205 10.0242318581879 -105.3186 112.8253 52
1 0.397672919145494 9.5620157197779 -100.4697 75.6338 52
1 0.354764733239467 10.2374556415962 -92.70708 44.32518 51.02
1 0.44186169064414 9.60980885406048 -99.06619 143.1837 53.55
1 0.596671828343463 9.00400535971485 -96.7646 314.9888 54.88
1 0.363611191311537 10.5540027731909 -91.09564 52.00125 50.51667
1 0.381751079271274 9.62462385011476 -89.95821 64.00949 52
1 0.447081698051846 10.4621268144215 -108.4967 158.5347 51.02
1 0.28959230283589 9.22041568489739 -89.765914 6.010337 50.06667
1 0.403196831209381 10.7615342868803 -94.43562 81.50089 51.02
1 0.433067220474663 9.73013570389169 -103.7757 127.5907 52
1 0.460083995508408 9.45551894415112 -99.75833 182.9703 53.55
1 0.528296858814877 10.1264158942501 -103.8935 273.2749 53.32
1 0.522936037209001 9.80814781814092 -99.57601 273.0943 53.55
1 0.619718277425371 9.82913509385905 -99.75833 340.8715 53.55
1 0.497288289380533 9.92178980783658 -99.57601 255.7354 53.54
1 0.477158711510856 10.795453579081 -101.239 226.2486 51.191
1 0.360193929789308 9.79277357272472 -94.34369 48.50849 51.191
1 0.446551840748638 9.16896865281416 -99.98148 151.3051 53.55
1 0.489989444956172 9.60529224700882 -93.87223 246.4484 54.31
1 0.577113615860348 9.81670996078412 -99.75833 297.802 53.55
1 0.458863273483008 9.44192884560954 -103.8935 180.3506 53.32
1 0.358759912584862 10.5814519903995 -88.29898 46.1975 50.18333
1 0.488083361687645 10.2663768106243 -103.7757 244.3854 52
1 0.343874556194776 9.10551319977455 -106.88723 30.24607 52
1 0.344706363268185 10.2359035994585 -92.59029 31.55182 51.02
1 0.611296989951254 9.79081722106232 -94.27769 329.6486 53.55
1 0.514509789838886 11.1697635301201 -99.30553 264.407 51.191
1 0.55805603222957 9.74161159909453 -99.57601 285.5974 53.55
1 0.320999683796655 9.9737517771183 -95.37631 6.33502 49.33333
1 0.454311694902252 10.1337304961951 -103.7757 173.0267 52
1 0.573439853136597 9.08669187911879 -97.90204 295.9557 54.88
1 0.366266594695847 9.19538519541 -103.8935 54.36746 52
1 0.523501143422199 9.01864640046749 -97.6301 275.1703 54.88
1 0.543037475757342 11.024793845119 -99.37827 277.5347 51.191
1 0.408339915150619 9.67984105399763 -104.10222 85.74789 52
1 0.554531448152062 9.98733382607246 -98.18972 285.5421 53.55
1 0.31002951220402 9.28558847386128 -83.264625 3.600465 50.35
1 0.416339459213521 10.2576810052817 -93.31507 94.07456 51.02
1 0.344191073815018 9.81396819552162 -93.35143 29.28338 51.191
1 0.363452391627792 9.73816703448608 -99.97948 51.66731 51.191
1 0.584167691461608 9.96954047261167 -98.88286 299.977 53.54
1 0.384029680439405 10.7009431716697 -90.55623 65.47127 50.18333
1 0.446068866120733 9.35138147807209 -94.46002 152.0296 54.31
1 0.490175107463519 10.0455089677933 -99.28833 244.9062 53.55
1 0.498862812205195 9.38663298093632 -93.4304 256.8292 53.55
1 0.372820758029551 10.3362758540539 -92.31736 58.71731 51.02
1 0.333320666817221 9.13372295794735 -94.42088 15.96696 51.191
1 0.420931702733476 9.23895901195833 -103.6714 103.2184 52
1 0.47885874357461 9.96271467128437 -103.7757 230.1912 53.32
1 0.503963874244253 9.73288791009667 -99.98148 264.1225 53.55
1 0.431525057930913 10.1062057322142 -105.6063 125.0399 52
1 0.403526507161849 9.14869597546407 -103.67136 81.04591 52
1 0.544732526904403 9.00703182752885 -97.67889 281.0371 54.88
1 0.49388881246472 10.8719468638846 -99.71919 249.3989 51.191
1 0.52982985439584 10.9437958280331 -99.45968 273.8249 51.191
1 0.48884077824835 10.0801080088257 -104.1812 244.4143 53.32
1 0.417651599786454 10.7858188682146 -99.56504 98.67946 51.191
1 0.522693146856397 9.63463043179445 -98.88286 275.065 53.55
1 0.3837541214436 10.6393721165123 -98.03457 65.20664 50.51667
1 0.472431097269239 10.8624838344242 -101.3922 216.0321 51.191
1 0.421865918321488 10.8295242174308 -99.0154 105.4121 50.35
1 0.373067183932243 9.49140846720629 -96.24181 61.152 52
1 0.438657839014678 10.5689063334198 -99.60041 137.7089 51.191
1 0.548347969765251 10.1777522559389 -103.8935 283.536 54.31
1 0.291474991563079 9.2770197860836 -87.38714 4.414672 49.43333
1 0.407730079131038 10.6172606068096 -99.32515 83.8613 51.191
1 0.459337712915242 10.7735954563996 -100.3468 185.6394 51.191
1 0.586901453797426 10.2023025425183 -99.17055 305.2113 53.54
1 0.472751091725542 10.8827651601954 -95.43088 218.6074 51.52
1 0.449075378543575 10.0584900262052 -104.1314 159.3915 52
1 0.619278603659134 10.2396371102185 -99.06619 339.8612 53.55
1 0.567801497641823 9.85229232500988 -104.027 290.9537 53.32
1 0.52106489771264 9.77172735188756 -98.88286 272.5315 53.55
1 0.457887350894045 10.6748472819828 -94.14894 185.1899 51.52
1 0.514293346212944 10.2763898876371 -103.8935 270.6755 52
1 0.503030132392631 9.56667513757129 -99.17055 263.0878 53.55
1 0.477896291213192 9.66210770496569 -104.1812 222.7613 53.32
1 0.4572000547943 10.3777306405594 -110.6825 181.8725 52
1 0.526188786503678 9.10332110730407 -93.99001 276.2601 54.31
1 0.620046933021344 10.1374321016102 -99.42186 340.6376 53.55
1 0.445733774723671 10.7491581246124 -99.19494 151.901 51.191
1 0.340472069668467 10.3380734345778 -95.48067 24.39162 49.43333
1 0.457636509273795 9.34429493036302 -99.17055 178.0285 54.31
1 0.473228366174351 10.3355525419631 -104.1314 219.8372 52
1 0.572785996745987 9.94736777134199 -104.027 296.6013 53.32
1 0.50855512958233 11.0020666894214 -99.90251 260.776 51.191
1 0.427680844043486 10.2326863774438 -93.24607 113.9443 51.02
1 0.500396934350085 9.11708618359279 -100.2692 259.7317 53.55
1 0.426728128039907 10.7298685917991 -101.3276 114.0881 51.191
1 0.400830135485122 9.02406956131384 -103.8935 77.5975 52
1 0.385509449772531 10.9942364709536 -97.44478 65.06141 49.43333
1 0.468790038831346 9.52682165465568 -99.28833 206.1907 54.31
1 0.384959991704376 9.21221721463365 -104.58565 67.20337 52
1 0.576165385622124 9.52861762920994 -95.37631 292.756 53.55
1 0.452009193283325 9.39389331904444 -103.8935 166.2118 53.32
1 0.294910531457962 9.30130008459423 -89.256089 3.656031 49.43333
1 0.430591029098292 9.69191600225866 -103.9979 121.9611 52
1 0.425332233030803 9.38951296360331 -104.1314 109.4304 53.32
1 0.546718694874103 9.6926773287761 -99.06519 281.8163 53.55
1 0.365212034422625 9.97178691612755 -93.62337 52.85866 51.02
1 0.455634844274801 9.1787177606498 -94.68316 174.0081 53.55
1 0.520409193958092 9.55088174997928 -100.6746 274.266 54.31
1 0.377432117614098 10.0903566900765 -94.08095 61.62173 51.02
1 0.587478461935022 9.5701636054893 -98.32325 306.6932 54.31
1 0.510986198842479 10.1205706022095 -103.7757 268.5216 53.32
1 0.528897358241718 9.36086767256563 -100.2692 277.685 54.31
1 0.527772561577079 9.92454714795621 -94.97084 275.8183 53.55
1 0.325927070270124 9.67546468502091 -80.92667 10.09429 50.18333
1 0.474402150098531 9.07177291621693 -94.27769 218.6977 53.55
1 0.349977890176477 9.1152298674052 -104.3635 37.50646 52
1 0.402444371540315 9.95020236869302 -87.21379 79.54274 52
1 0.429680646052002 10.9813447367043 -99.68037 118.96124 50.18333
1 0.580098871516815 9.87261437853402 -104.5866 295.669 54.31
1 0.621964004296315 9.45062671483727 -98.88286 346.6068 53.55
1 0.46289955117036 9.21614472000272 -100.2692 190.3269 53.54
1 0.506221538412478 10.2781989902237 -103.8935 265.3607 52
1 0.461888947781513 9.98486912655638 -104.027 192.5552 52
1 0.429114260623028 9.40322328242875 -103.7757 117.6411 52
1 0.304709791224409 9.27086848871381 -83.229582 3.070746 51.02
1 0.437516910538881 10.8340097263964 -97.93599 135.4983 51.191
1 0.465693387592421 9.55848448604951 -94.68316 198.2817 54.31
1 0.345762438030401 9.3095790271234 -92.15543 29.37136 52
1 0.506124888327846 9.58620127928891 -105.9729 266.8449 54.31
1 0.374285976466618 9.29355494160298 -91.23117 60.82408 52
1 0.548701955112768 9.93140670767409 -94.68316 282.9047 53.55
1 0.29914306534761 9.51085980887414 -89.371419 3.479932 50.18333
1 0.420641533952014 9.29975031337899 -103.6714 103.6768 52
1 0.521576756320137 10.2958658750753 -104.3378 274.5595 52
1 0.313947184897709 9.36704670121515 -83.264625 4.074234 50.35
1 0.376963141539786 9.43042812376568 -95.32552 62.31188 52
1 0.425738576555089 10.3631932477545 -99.54442 109.5243 51.02
1 0.600778661158943 9.66590431922372 -99.98148 318.444 53.55
1 0.375222702809871 10.5071562568507 -93.89663 60.50413 50.35
1 0.357487160222733 9.59392980072816 -91.31978 44.53528 51.52
1 0.453548821321485 9.89986649912875 -103.8935 172.8281 52
1 0.355777568462194 9.4926836144281 -92.77162 42.59913 52
1 0.613397216611391 9.52382679215079 -100.2692 331.006 54.31
1 0.446241679863149 11.0875565338379 -99.37827 159.9048 51.191
1 0.561813944307849 9.50963914192258 -96.06945 286.6413 53.55
1 0.434495199660165 9.77045677353849 -103.7757 127.8046 52
1 0.331332716592227 10.0413827022777 -87.11343 14.92486 50.51667
1 0.470432204990869 9.60102409356006 -98.4774 210.982 53.55
1 0.401295169567468 10.4404359424125 -99.3419 77.22857 50.51667
1 0.301199526469136 9.39646190047689 -81.704978 3.616068 50.18333
1 0.510740784295346 9.28648359585711 -96.06945 266.6316 53.55
1 0.356635708198801 10.1967615229804 -93.79227 43.57781 51.191
1 0.380571110567794 9.87605581634038 -95.27572 63.20448 51.52
1 0.453047464846773 10.7939535607165 -94.43662 171.5204 51.52
1 0.470731919537584 10.3647048201333 -110.6825 213.7392 52
1 0.364833717818622 9.75395148871397 -93.70711 52.10161 51.191
1 0.491708687851956 9.42519084635912 -99.98148 248.1161 53.55
1 0.448005592746276 10.9389257008593 -98.46643 161.9462 51.02
1 0.332484798371804 9.72959066455025 -92.18483 15.36376 51.191
1 0.464871928020823 10.2401218840151 -103.6714 199.8897 52
1 0.310870970634493 9.05848033663089 -82.52169 2.80256 51.191
1 0.376255111611547 9.67020290489966 -91.41349 60.2843 52
1 0.502547477754764 9.06797362390923 -94.27769 262.3673 53.55
1 0.360969074886246 9.81081381119049 -93.28244 48.18909 51.191
1 0.372114590346639 10.6415057652524 -93.48119 57.96628 50.51667
1 0.537704132679629 10.1724961665262 -103.8935 276.0039 53.32
1 0.447534665649338 10.6950543654768 -99.82355 156.5886 51.191
1 0.373816131813265 9.88963751592021 -92.26079 59.22549 52
1 0.521803423627949 9.93729349549458 -103.8935 273.3065 53.32
1 0.366065747999045 9.22897207268915 -104.62547 53.31528 52
1 0.311086699302983 9.16744208745263 -87.137827 3.268799 51.02
1 0.618718184142077 9.80767909777566 -98.32325 336.4957 54.31
1 0.561521624852542 9.10841071099351 -94.05455 288.4376 54.31
1 0.371467013754818 9.21814118519617 -105.31862 57.85168 52
1 0.595875371936738 9.17333732683759 -96.86896 309.8109 54.88
1 0.581286752568703 9.21347276998922 -95.37631 299.421 53.55
1 0.529241450888506 9.9725820625638 -99.75833 275.36 53.55
1 0.4502476650058 10.6033151207697 -97.07468 164.4583 51.71
1 0.551442763470113 9.90345475656353 -103.7757 283.4239 53.32
1 0.394743358808378 9.6565959239981 -104.23575 74.63518 52
1 0.360475137797487 9.89669045446225 -92.51133 47.91169 51.191
1 0.374211429638282 9.59175715588202 -96.24181 59.09314 52
1 0.564020288537635 9.95364044285053 -98.88286 288.2179 53.55
1 0.433691957071691 10.6680214998448 -105.767 125.8067 51.191
1 0.516400591762108 9.7266443920575 -94.12354 270.0457 54.31
1 0.471609610928019 9.87779668417945 -103.7757 213.1973 53.32
1 0.449977086564503 9.42665256550902 -99.17055 160.6631 54.88
1 0.483296721745707 11.0366293093247 -99.74836 232.7645 51.191
1 0.511728778433526 10.3392189964337 -104.2066 265.4301 53.32
1 0.589379626139539 9.28807286387275 -100.2692 305.6969 54.31
1 0.550438190328277 10.3236009360072 -103.7757 284.3084 52
1 0.497187509484723 10.463374103625 -110.6825 255.5003 53.32
1 0.392205353570159 9.62339168938244 -97.27143 72.14309 52
1 0.556791573770746 9.7682750390087 -104.1812 285.4319 53.32
1 0.424557043424284 10.9271055122484 -100.307 111.021 51.02
1 0.379591272081621 10.3048692219448 -88.35322 62.7163 51.02
1 0.462308464034705 9.69952850396518 -103.6714 192.5613 52
1 0.392367308780225 10.8635248859514 -83.47334 71.68221 51.52
1 0.573598073203623 9.68992201474827 -95.66399 291.2274 53.55
1 0.358247597298329 10.4066077215315 -99.05522 46.67333 50.51667
1 0.510305374659901 9.52489363765687 -99.75833 266.8824 53.55
1 0.469443643516215 10.4479674751805 -111.0381 209.0739 52
1 0.413903119463462 10.8982132486253 -94.13219 93.58719 50.06667
1 0.499891414645134 9.15613323633769 -100.2692 259.8378 53.54
1 0.517425223133253 9.97934223933244 -99.42186 268.5089 53.55
1 0.517258332097594 11.1783863756038 -100.3227 266.8838 51.191
1 0.579573697510688 9.51626692578045 -99.98148 300.0083 53.55
1 0.393473430711957 9.78487769140414 -91.673 72.37576 52
1 0.570744468370575 9.05223941691045 -95.66399 292.5484 54.31
1 0.383188959551661 9.18569192599459 -96.01866 65.68568 52
1 0.511235125928308 9.32046220702288 -100.2692 268.6998 53.54
1 0.462748798987718 9.16722703685268 -98.37204 192.0392 53.55
1 0.524795696425345 9.88391793647781 -99.42186 275.3713 53.54
1 0.325891859007219 10.0980418265497 -96.971321 8.953198 49.43333
1 0.525480450545007 9.63792561380134 -104.3635 275.5822 53.32
1 0.368302555621322 9.22580976210051 -104.10222 54.12989 52
1 0.596594685673097 9.29455451600236 -94.68316 313.7566 54.31
1 0.596166196836944 9.43915062531328 -99.17055 309.5868 53.55
1 0.348760503386735 10.1029079206031 -93.45579 36.22132 51.191
1 0.523826771797775 9.79010800982936 -94.12354 275.7954 54.31
1 0.5384945999572 9.65417299828387 -104.027 279.054 53.32
1 0.388507463602076 10.3188912746348 -87.55226 68.46509 50.35
1 0.55528415384831 9.48481034273689 -99.57601 284.7836 54.31
1 0.338079622571671 10.1364429200244 -91.77936 21.58606 51.02
1 0.495266011581238 10.2062607492592 -103.8935 251.33 52
1 0.44067670512498 10.774293984195 -100.4769 143.2348 51.02
1 0.482349400840769 11.1268816287654 -99.09158 236.5826 51.02
1 0.471348819321586 9.59889317670622 -95.37631 211.7807 54.31
1 0.498296754940186 10.7256534060609 -104.1136 253.7253 51.52
1 0.46683188470226 10.5409141090075 -111.7155 207.6918 52
1 0.376631258244213 9.73559693442739 -96.68364 61.22025 52
1 0.380429591117799 9.32979700317071 -100.30798 62.84452 52
1 0.536025633187284 11.2079015515504 -98.72494 275.2319 51.191
1 0.376679855614761 9.67639260104875 -96.38253 62.36225 51.71
1 0.458426912725141 9.98340395943867 -104.2492 183.1399 52
1 0.609777979813656 9.7198527905572 -94.68316 326.7524 53.55
1 0.402725951606053 9.54233327595424 -104.50768 80.29518 52
1 0.536814627615298 9.45724740193086 -94.97084 279.5601 53.55
1 0.399983755464468 9.10206703577586 -103.77572 76.20922 52
1 0.370394185533805 9.86852102143248 -94.63237 56.32347 51.71
1 0.420309140770399 9.15395335515914 -103.6714 100.4297 52
1 0.438000272480142 10.8038166728608 -98.93643 135.9204 51.02
1 0.323709240942262 9.69548683531245 -82.558055 8.564287 50.35
1 0.598859765200247 9.53762040054618 -99.57601 314.0807 54.88
1 0.292190087417403 9.19341269612534 -93.492162 2.946443 50.06667
1 0.610516409241542 9.60377997043933 -100.6746 332.0629 53.55
1 0.5022363842252 10.865501202761 -99.73394 258.0967 51.191
1 0.351428244160937 9.39291702647373 -105.27779 38.12656 51.71
1 0.384641008012946 10.1012069283505 -93.12829 66.75786 51.02
1 0.317739812949632 9.91533767011401 -96.866961 5.174735 49.43333
1 0.495423456600489 9.66924057820399 -99.28833 253.1926 53.54
1 0.62580639737657 9.38809642931423 -93.46676 348.2218 53.55
1 0.34847935695083 10.069213647005 -88.44516 34.89785 51.52
1 0.312495751266793 9.47774468385492 -86.756759 3.312373 51.191
1 0.4850276548155 9.11188310454536 -94.56538 239.3692 53.55
1 0.512440467757342 10.0202358789258 -99.42186 266.7931 53.55
1 0.49982811361365 9.91869314246258 -104.1812 258.1736 54.31
1 0.410394134959183 9.92784857584897 -102.16428 87.73115 52
1 0.435343277478922 10.8757976603421 -99.71919 134.6528 51.191
1 0.596353990604315 9.88772388582642 -94.68316 314.4405 53.55
1 0.623890233608475 9.51040761369816 -94.97084 348.2711 53.55
1 0.463230515289138 10.1127417696649 -99.17055 195.7494 53.55
1 0.350894893381547 9.72701343693025 -93.31507 36.52937 51.02
1 0.594635192461929 9.16618990196194 -92.51511 311.4845 54.88
1 0.539686565208604 10.2923323741228 -104.4713 279.5351 52
1 0.475834198774555 9.52588655108178 -104.1812 219.0805 53.32
1 0.616561054837809 9.14327100630227 -98.03557 335.1898 54.88
1 0.509980337261054 10.2131368728756 -104.027 268.4491 52
1 0.40971294407979 9.93262182808964 -101.72245 87.64999 52
1 0.367480915707653 9.44171593945858 -104.79537 55.23523 53.32
1 0.47809878753848 9.22961968974624 -100.6746 223.7342 53.55
1 0.40439029107081 10.4845074243077 -94.84209 80.51824 51.52
1 0.419747432180977 10.0119593897942 -112.4732 103.9618 51.71
1 0.48142780683153 9.85528550793818 -98.32325 229.3061 53.55
1 0.317543913535122 9.62210601887328 -90.46903 4.65271 49.43333
1 0.390701600437809 9.60844936209172 -100.33615 70.84919 52
1 0.607293979766307 9.15801151334174 -97.22464 321.1139 54.31
1 0.422374502834474 10.7216350201409 -101.0921 104.2539 51.191
1 0.402214115658397 9.71906934734783 -104.5077 78.9476 52
1 0.473834821986355 10.0751653093452 -103.7757 220.6671 52
1 0.450120953036944 10.3209569176538 -104.4679 166.7805 52
1 0.395530343242351 9.06720701099915 -103.77572 73.71558 52
1 0.465314649764611 10.1874796500503 -103.8935 202.874 52
1 0.52024361129881 10.9599186009983 -99.74836 268.001 51.02
1 0.366452915651229 10.5111402636204 -89.66055 52.99099 50.18333
1 0.327875674964511 10.0512887548997 -95.0752 11.29982 49.43333
1 0.345283679863415 10.3027577910733 -94.66874 29.76878 49.36667
1 0.372440883829509 10.5928102957283 -88.81904 58.89305 50.51667
1 0.385200548642996 10.2464082049747 -81.9075 66.41373 50.51667
1 0.393948444981396 10.2489025241659 -92.39878 71.40333 51.02
1 0.364513481337432 9.64831559836393 -95.37431 51.23616 52
1 0.424955882731953 9.05373414995213 -99.17055 107.3354 53.54
1 0.456496799432224 9.40549423831911 -94.46002 176.2794 53.55
1 0.597938602132583 9.26108604283148 -94.97084 315.0185 54.31
1 0.545805345001537 9.49015957865934 -94.68316 281.4766 53.55
1 0.515766522990604 9.15828439062933 -93.3614 270.7315 54.31
1 0.514747070552176 9.50887851246988 -105.2798 269.4194 53.55
1 0.37552969470885 10.8059857803059 -89.59602 61.26568 50.18333
1 0.427227574246644 9.51322019491147 -103.6714 112.6686 52
1 0.468224083608168 9.7088744703951 -99.75833 207.6091 53.55
1 0.512897660545283 9.02324385940446 -100.6746 269.099 54.31
1 0.334134775261494 9.42321155797213 -92.09867 16.67385 51.02
1 0.436917452492897 9.32776388835954 -103.6714 131.5773 52
1 0.550837618001184 11.1821019558498 -99.16855 281.1306 51.191
1 0.39257207427657 10.0917827975698 -99.05422 72.90136 51.191
1 0.43142472341822 10.173753624054 -104.2855 123.8164 52
1 0.498117500628007 9.55365764437214 -98.88286 254.6926 53.55
1 0.422243409286276 9.88506502726092 -103.8801 105.5863 52
1 0.389420575943642 10.7566596556584 -93.76887 68.52078 50.51667
1 0.610054217948642 9.55305606618303 -94.97084 327.5566 54.31
1 0.468472906225536 10.5763115433886 -111.0879 208.0135 52
1 0.444542579195846 10.0696688191614 -103.7757 148.3822 52
1 0.550596897074702 10.2659332068411 -103.8935 282.8142 53.32
1 0.436069215927151 9.27459247293114 -103.6714 130.0223 52
1 0.417854454013956 10.8581146725656 -99.93169 100.4735 50.35
1 0.401471051703632 10.6014008515755 -101.3558 77.76658 50.51667
1 0.55278395114849 9.1069425728278 -94.68316 286.314 54.88
