1 0.314096854578881 9.38596524545904 -72.000241 3.764231 52
1 0.306919553029889 9.12051132240262 -73.444878 3.161808 52
1 0.390682518327972 9.97199698192465 -73.24235 69.8973 52
1 0.37843201571375 9.82465363579086 -79.47935 64.02152 53.55
1 0.302577108113628 9.18623084721923 -76.543645 2.425667 52
1 0.390370253160479 9.82902886231981 -79.92697 72.00416 53.32
1 0.371819676373382 9.74922558316904 -80.56454 58.90502 53.55
1 0.317017209752334 9.27959630794499 -76.799703 5.418779 52
1 0.31911771909082 9.38176795425743 -77.37507 5.76867 52
1 0.316514062817184 9.44515523883575 -77.375067 6.036441 52
1 0.377314108160156 9.79860169605879 -81.18073 61.58689 53.32
1 0.291627290280196 9.06953179184467 -77.48188 4.135055 52
1 0.376268306120271 9.69549970838481 -81.32668 61.51668 53.54
1 0.381801814681314 9.49845510245148 -81.5588 64.30436 53.54
1 0.380259940265016 9.5778640273306 -81.69233 65.19119 53.54
1 0.304062657761041 9.08270963924251 -76.135727 2.618242 51.71
1 0.307527835888481 9.30887544455019 -76.172095 3.020932 51.71
1 0.405686462286434 9.84014854705168 -81.35585 81.06749 53.55
1 0.306015655173859 9.08805215358257 -76.817904 2.529515 51.71
1 0.310087559266075 9.24813187278266 -76.90406 3.14025 51.71
1 0.38705114173283 9.95122136860621 -77.79195 68.64637 52
1 0.382132743582459 9.84089923325364 -78.13288 63.85032 52
1 0.38767169887996 9.79203039720441 -78.0161 67.27154 52
1 0.299848151467827 9.05793237581743 -77.37652 3.208172 51.71
1 0.306620465279388 9.28760795267092 -75.836075 2.964886 51.52
1 0.383545413611592 9.87865703491879 -78.22559 65.36208 52
1 0.389440877489359 9.92329441560592 -78.07964 69.6224 52
1 0.384182881701363 9.80604394649738 -78.30278 66.35538 52
1 0.320388846364472 9.70599240228249 -77.677625 6.120611 51.71
1 0.302730613155155 9.07389888577672 -77.779531 3.102312 51.71
1 0.38187618880288 9.74737189243284 -78.60288 65.61141 52
1 0.387001964341122 9.74975465605161 -78.60288 66.29194 52
1 0.387817790218553 9.94565024906339 -78.60388 66.86123 52
1 0.319796625111266 9.27822625524949 -76.344447 5.961401 51.52
1 0.298468264551116 9.45547018150731 -76.356869 3.717582 51.52
1 0.391361309835032 9.87754509476208 -78.51327 70.02403 52
1 0.351865667860449 9.45548094902618 -79.53492 37.37012 52
1 0.376927747664002 9.89890388060614 -78.9551 60.53461 52
1 0.309433850918912 9.05272092814588 -78.001675 3.040669 51.71
1 0.385014544634338 10.0147182801566 -78.79199 66.36926 52
1 0.385971089875942 9.81838586132299 -78.77278 66.89647 52
1 0.380956898311438 9.69883898469719 -78.89157 65.39763 52
1 0.382811643801552 9.96273575628313 -78.94714 64.19567 52
1 0.317957867608081 9.58080678694978 -76.59244 4.58481 51.52
1 0.373025929272118 9.92362827400268 -79.194 58.07458 52
1 0.384530907421653 9.91226229804852 -78.9551 66.57754 52
1 0.314980652786077 9.04892300026122 -78.253989 3.694318 51.71
1 0.308772685604031 9.21139966927476 -76.738942 3.383453 51.52
1 0.384685440323142 9.83277962669367 -79.0241 66.34892 52
1 0.386663205900977 9.69242478746636 -78.99593 67.79937 52
1 0.377624105744307 9.92127909780264 -79.31278 62.25277 52
1 0.318478711470906 9.33037121649095 -76.929908 5.517566 51.52
1 0.382420381261092 9.80955009742175 -79.28361 65.14446 52
1 0.389766962029428 9.84726596162388 -79.11371 69.71462 52
1 0.319527979327409 9.26977597795627 -76.982024 5.078111 51.52
1 0.363874094355597 9.53580798094969 -79.80786 50.07195 52
1 0.307830173755701 9.14981315416166 -78.525923 2.671566 51.71
1 0.386923517637688 9.83061177664877 -79.28361 67.6198 52
1 0.389105340457603 9.8499591743462 -79.21907 70.84169 52
1 0.381224513152286 9.88436230248727 -79.46593 64.55795 52
1 0.376893544256404 9.98669172387301 -79.68907 60.69116 52
1 0.370284514773071 9.8351743224406 -79.80686 57.5785 52
1 0.312304733065201 9.22035596739195 -77.233339 3.077177 51.52
1 0.400653891891989 10.2908903307027 -78.96056 79.43429 52
1 0.313256877847159 9.11405607623967 -77.269706 3.523229 51.52
1 0.307435484614716 9.37464078743293 -77.27316 2.743105 51.52
1 0.393934166235398 9.88168211570384 -79.3526 72.09307 52
1 0.370336273241891 9.8109219813603 -79.94139 56.28494 52
1 0.298697662615121 9.15472815414582 -77.32673 3.4402 51.52
1 0.390106527956739 9.86476045249097 -79.46593 70.52438 52
1 0.384709762783772 9.76703926815815 -79.58471 68.07495 52
1 0.371529338092209 9.66650797313068 -84.70071 57.89572 53.55
1 0.38541357443023 9.906766800226 -79.68907 66.12155 52
1 0.311388623324211 9.09712946968559 -77.440734 2.854142 51.52
1 0.381213117088489 9.56221377375504 -84.54656 64.35226 53.55
1 0.382336699430282 9.69275213962337 -79.8724 64.66796 52
1 0.38912625703329 9.87803741276054 -79.76604 67.52592 52
1 0.388559958510188 9.86092496418739 -79.69007 69.52796 52
1 0.384750904210271 9.70469720457305 -79.76704 68.2765 52
1 0.314603538536396 9.34734336938216 -77.59721 3.525782 51.52
1 0.35401045458549 9.57681539229841 -80.66171 40.52285 52
1 0.382435947943025 9.81677030885367 -79.91222 65.82288 52
1 0.315187876341837 9.17062044262123 -79.155857 3.585733 51.71
1 0.378519326844943 9.7202641793583 -80.09454 62.10163 52
1 0.381698275790542 9.74259587601714 -79.99018 65.30643 52
1 0.385238087484021 9.87099836717228 -79.98918 66.61215 52
1 0.381491720517722 9.80733494764697 -80.09454 63.98952 52
1 0.385776580750521 9.78810237878561 -79.99018 67.40466 52
1 0.381644575661398 9.80575462805969 -80.21332 64.06368 52
1 0.306599606198226 9.10087044562879 -77.887345 2.098907 51.52
1 0.382678342123892 9.8909882028921 -80.21232 64.25098 52
1 0.376933643314612 9.82978549024704 -80.31768 62.23448 52
1 0.395972244974338 9.8610720017617 -79.8724 73.97216 52
1 0.378006497535136 9.9374540624549 -80.34585 62.05345 52
1 0.386385446421303 10.2682699678726 -78.18845 66.40465 51.71
1 0.390494234460977 9.67378793823602 -80.09454 69.40822 52
1 0.398419587010673 9.86619643334604 -79.8724 74.81138 52
1 0.316822471186814 9.31964889330474 -77.966307 4.657683 51.52
1 0.381278006906277 9.73566840652926 -80.38222 62.98739 52
1 0.392012852870243 9.93837399932731 -80.09554 70.56887 52
1 0.375337379671977 9.94747318143609 -80.51575 59.6157 52
1 0.377497340536063 9.80782905238682 -80.41139 62.74142 52
1 0.387185424435963 9.81771396147555 -80.1999 68.48016 52
1 0.399795053642396 10.0358458333044 -79.8714 76.68896 52
1 0.378316749551718 9.86670953960656 -80.45121 62.27157 52
1 0.315639424408331 9.18173825518875 -78.070667 4.284205 51.52
1 0.310120192050809 9.33546003637593 -78.098838 2.713693 51.52
1 0.385449804247947 9.70464785627128 -80.38222 65.72492 52
1 0.376736399712408 9.69317684111265 -80.56554 61.97048 52
1 0.365228924055264 9.76158448957333 -80.90547 51.41764 52
1 0.393491894026622 9.97031618901998 -80.15908 72.69928 52
1 0.406457640898091 10.1035923916173 -79.62454 84.9374 52
1 0.317083054665869 9.34553559231267 -78.18845 5.245986 51.52
1 0.358546575745243 9.76033517808978 -81.07537 46.79326 52
1 0.383022799950279 9.72363555015803 -80.501 65.4792 52
1 0.392262135657996 9.89640349958348 -80.31768 70.22334 52
1 0.38144967076584 9.78989798523504 -80.501 65.55694 52
1 0.388451955878937 9.91171990644469 -80.39464 68.52879 52
1 0.293646581765252 9.2729997143222 -78.23957 4.46285 51.52
1 0.381883743577171 9.67219024007844 -80.56554 64.2542 52
1 0.373310509196823 9.40110214441269 -85.39286 57.22621 53.32
1 0.388882317840062 9.87247882375743 -80.38222 69.32434 52
1 0.310008020485884 9.20814694502416 -78.262958 3.410015 51.52
1 0.392328098133799 9.83746987317753 -80.27786 72.07908 52
1 0.383741912500195 9.79705502364328 -80.48758 66.81066 52
1 0.379399237877057 9.71972765920808 -85.22528 62.94269 53.32
1 0.403608397700331 9.91344857580142 -79.99018 79.49893 52
1 0.318930821043437 9.46560846537316 -78.308559 5.698348 51.52
1 0.369733892264943 9.82329657756216 -80.92122 56.2468 52
1 0.314906065412021 9.19502023281326 -78.3426 3.84243 51.52
1 0.390338881810028 9.77833819619043 -80.46018 70.037 52
1 0.382442400996348 9.89062189961023 -80.6699 65.5072 52
1 0.388763465412202 9.81562920965844 -80.55212 69.44461 52
1 0.321822141971482 9.43508323588581 -78.437312 6.619614 51.52
1 0.387588010492522 9.75409250210741 -80.61879 68.07906 52
1 0.388109549491927 9.71395237660068 -80.60536 68.73489 52
1 0.393896076622388 10.0675896558026 -80.5 71.82432 52
1 0.359441941041136 9.66005807089152 -81.37647 46.64444 52
1 0.399499956331296 9.9845494124875 -80.38222 75.68207 52
1 0.390373642386627 9.7312785298904 -80.60536 70.4658 52
1 0.372192591541113 9.89611684891772 -81.08779 57.45413 52
1 0.391554295207273 9.77435616434342 -80.60536 70.8261 52
1 0.394375465737123 9.89279329001651 -80.501 73.81765 52
1 0.376907691898775 9.7346242460139 -80.97101 61.75977 52
1 0.385085872827186 9.81199867623811 -80.78769 66.82552 52
1 0.382939586778574 9.78668807277952 -80.85222 65.27691 52
1 0.357720437274745 9.58298183384616 -81.48083 45.1063 52
1 0.389823952410558 9.81038583911427 -80.61879 71.40953 52
1 0.388929584279046 9.90405804604057 -80.74786 68.46824 52
1 0.382419791107852 9.8895344250844 -80.90647 64.75489 52
1 0.381881443460888 9.80080294817769 -80.92122 64.35727 52
1 0.370930058865921 9.79911535055957 -81.2089 56.94282 52
1 0.390980823462214 9.92214654130544 -80.78769 70.299 52
1 0.387644274124887 9.90627238219872 -80.90547 67.61022 52
1 0.391853292606305 9.70581533819182 -80.78869 70.62629 52
1 0.400125116357332 9.91895737941639 -80.5 77.96285 52
1 0.383477167590986 9.93609969710801 -81.039 65.81441 52
1 0.381884865529453 9.80383261778473 -81.07637 64.84272 52
1 0.375957627570431 9.80646933356333 -81.19415 61.74978 52
1 0.40585659592788 9.90175874398637 -80.38222 81.99371 52
1 0.386553971546177 9.87682055787677 -80.97101 68.62235 52
1 0.387675129038386 9.7897457313505 -80.97001 68.8653 52
1 0.388948443153943 9.98995332248761 -80.97001 68.88134 52
1 0.394215164140439 9.99228738426864 -80.77526 73.97308 52
1 0.383320226083847 9.85889378450241 -81.07537 66.80626 52
1 0.389357895250377 9.8626504257012 -80.97101 69.63663 52
1 0.387016358879044 9.791461854696 -81.07537 67.59828 52
1 0.393348272329636 9.88703671172859 -80.89305 72.55345 52
1 0.386223065636902 9.8552620201592 -81.07637 68.31951 52
1 0.375405801969937 9.6915644684564 -81.37547 60.15586 52
1 0.381063584497671 9.7924640908012 -81.25769 63.55143 52
1 0.384366520396725 9.81151569349846 -81.14436 66.86117 52
1 0.384336877013222 9.77088484410756 -85.68054 67.71181 53.32
1 0.383543457129721 9.93691713892909 -81.25769 64.21439 52
1 0.395858571525316 9.94944940347356 -80.89305 73.79694 52
1 0.376374796610689 9.84238956404976 -81.37647 61.21635 52
1 0.385261090876748 9.78398941629936 -81.18073 66.78995 52
1 0.377305580596911 9.69734936477535 -81.36305 62.03236 52
1 0.377523425146966 9.75320826441992 -81.36305 62.25472 52
1 0.394224247646556 9.86467787580308 -80.90547 74.3711 52
1 0.375869468439206 9.84634864043974 -81.35485 63.0858 52
1 0.379470775571408 9.81546478813152 -81.37647 62.71397 52
1 0.380357430578204 9.80557932321031 -81.37547 62.99318 52
1 0.3895146228652 9.86729843921233 -81.10454 70.86585 52
1 0.382962439062523 9.72080937546294 -81.29851 66.02244 52
1 0.382404265783529 9.8535853345985 -81.39122 64.21987 52
1 0.389096108772016 9.86125855693524 -81.25869 68.18566 52
1 0.331465061559888 9.45300702134337 -82.51691 14.29454 52
1 0.391261268646974 9.86284080208217 -81.19415 70.33144 52
1 0.392481823435177 9.8426698051587 -81.26214 69.43363 52
1 0.378512970101998 9.75409716657038 -81.59862 61.58418 52
1 0.381811094419066 9.9050850482044 -81.48083 64.92707 52
1 0.377366582408595 9.71779554176819 -81.66416 60.56738 52
1 0.390421857990216 10.0625253758324 -77.82791 70.11681 51.52
1 0.323501133267073 9.59110377685286 -82.686807 7.921479 52
1 0.384926524232594 9.91785632739842 -81.48183 66.6247 52
1 0.383150571452063 9.70054060929599 -81.53408 65.65673 52
1 0.40642039568996 9.92003748770103 -80.78869 83.44921 52
1 0.38196956149487 9.79611583082083 -81.58619 65.06606 52
1 0.380300269714626 9.70572342323885 -86.26933 64.13226 53.54
1 0.376924383637409 9.91880096191893 -81.73315 61.3641 52
1 0.392066951287291 9.72241227861013 -81.29851 73.37692 52
1 0.379163148704219 9.7380196646237 -81.73315 62.60341 52
1 0.36322560848762 9.54122469731356 -82.17498 48.93925 52
1 0.386426388820122 9.75694124583213 -81.53408 69.13119 52
1 0.366675137919423 9.71068191643796 -82.06962 53.91536 52
1 0.376551940584265 9.55199469971063 -86.45165 61.75257 53.55
1 0.388436226821832 9.88681914109665 -81.58619 68.53948 52
1 0.379189089472577 9.84220460904953 -81.82176 62.11305 52
1 0.389835641602167 9.81069856108512 -81.54983 69.51345 52
1 0.369448747017001 9.75423731920312 -82.06962 54.72258 52
1 0.383529372023057 9.75140954786557 -81.66416 66.83368 52
1 0.396317801394584 9.95810520006068 -81.41629 73.43138 52
1 0.3920982268234 9.70539823633185 -86.02046 72.34497 53.32
1 0.399932681637736 10.0137445261192 -81.29851 77.30765 52
1 0.365735366988961 9.70755582210379 -82.17498 53.50804 52
1 0.384665033622387 9.68310885765703 -81.76852 65.71946 52
1 0.38515814128967 9.89676526885256 -81.70398 67.6252 52
1 0.395511478792936 9.95783061322474 -81.48083 73.62631 52
1 0.374166557783132 9.81683279479262 -82.00408 59.89876 52
1 0.38491244614249 9.80712842572014 -81.79769 66.06953 52
1 0.378270553640955 9.74593163542195 -81.8873 63.95186 52
1 0.386129907319109 9.79038498369618 -86.19136 70.40027 53.32
1 0.400712518121547 9.93313927979559 -81.43204 76.52238 52
1 0.389793545702578 9.80702591052632 -81.70398 70.00431 52
1 0.39332389068978 9.719232600912 -86.19136 71.27937 53.32
1 0.371082831847382 9.67674001625647 -86.70119 56.50559 53.32
1 0.382539706526802 9.84632280201541 -81.8873 66.158 52
1 0.3787901026486 9.82095067197342 -82.02083 62.77287 52
1 0.383440927950942 9.87533763336168 -81.8873 67.75946 52
1 0.375164427374935 9.71810912577507 -86.70119 60.05301 53.32
1 0.396826961127797 9.78443567429472 -81.66416 74.44235 52
1 0.363418498076043 9.46458307703701 -86.98887 50.73906 53.32
1 0.393999159594992 9.72537879984834 -81.66416 74.87903 52
1 0.383607309038364 9.81076969223458 -81.99166 66.92709 52
1 0.391342834866806 9.81688948756973 -81.73315 73.67848 52
1 0.388884962348795 9.89496011617234 -81.8863 70.06707 52
1 0.393733982289603 9.93806867279848 -81.83751 72.15765 52
1 0.381905468553354 9.89239137235448 -86.70119 64.56352 53.32
1 0.392244084548868 9.81667361922991 -81.8873 72.88175 52
1 0.362478155498458 9.76195671851321 -82.68481 49.5359 52
1 0.377583240396242 9.67859799070582 -86.89793 62.09696 53.54
1 0.395402347969072 9.90380054286981 -81.8863 74.30204 52
1 0.392057918719301 9.88926403978642 -82.01983 71.08248 52
1 0.39239731694278 9.90108487533356 -82.01983 71.43194 52
1 0.376407704694741 9.76973090704371 -82.39712 61.34503 52
1 0.406706315689346 9.92104482925717 -81.48083 84.1328 52
1 0.339943621881041 9.653670712025 -83.31442 23.60746 52
1 0.371268498757443 9.7848277956136 -82.57945 56.81337 52
1 0.398760104608831 9.83391743354254 -86.41351 75.47934 53.32
1 0.377871385351675 9.7863475570395 -86.88351 62.80502 53.32
1 0.4081866430143 9.97120274435231 -81.54983 84.06013 52
1 0.368917240596776 9.79861724749326 -82.71398 53.95269 52
1 0.385699906536856 9.87387019053531 -82.29176 66.85096 52
1 0.357996973708485 9.71210984726918 -82.98591 45.27406 52
1 0.373023787842048 9.61529752022296 -87.18562 59.01588 53.55
1 0.368631487436068 9.66228679923788 -82.80259 53.88143 52
1 0.360415638444335 9.59663205916457 -87.54129 48.14957 53.55
1 0.37798166990239 9.89876853541139 -82.57945 61.81025 52
1 0.317770388686017 9.06619586600194 -83.631269 4.435162 52
1 0.384154444941386 9.84718861548435 -82.46266 66.14152 52
1 0.372360693367305 9.81506965755325 -82.76277 57.53068 52
1 0.365226194551966 9.78050355790086 -82.93612 52.10098 52
1 0.371269632964735 9.98135074737159 -82.78297 57.94989 52
1 0.376971671574539 9.84727819971254 -82.71398 60.51135 52
1 0.373512914953758 9.80403696459448 -82.80259 58.05297 52
1 0.395551479448619 9.8449772565102 -82.06962 77.74133 52
1 0.332333492128294 9.33525587414863 -83.68006 15.18685 52
1 0.390737220744049 9.75866259774838 -82.29176 73.14464 52
1 0.383397716950866 9.73878221395424 -82.58045 65.83761 52
1 0.381166591474617 9.90580923431008 -82.60762 65.55382 52
1 0.375081285340794 9.75871654083481 -87.28998 59.65122 53.32
1 0.387294020789606 9.77483129953715 -82.51491 68.69776 52
1 0.39225322630189 9.90725344602835 -82.39712 71.75582 52
1 0.321785182746001 9.31519194425107 -83.839989 7.779408 52
1 0.371555330234373 9.81869141886266 -82.98591 57.62061 52
1 0.381460175047836 9.8568875991145 -82.80259 63.39656 52
1 0.388025183053568 9.9635247755279 -82.57945 69.81542 52
1 0.400049234022388 9.98543898509627 -82.27934 77.51788 52
1 0.386934356206871 9.94380933030291 -82.74934 67.16567 52
1 0.330531469622635 9.38589503391049 -83.97119 13.0531 52
1 0.318944852486832 9.19592746182805 -84.023311 6.002724 52
1 0.398327388629709 9.87831401561991 -82.39712 77.79478 52
1 0.370917545088712 9.72370466409998 -83.15581 58.41234 52
1 0.38725662069896 9.80229713208283 -82.76277 69.7865 52
1 0.378062316066812 9.89537778272197 -83.09027 61.55026 52
1 0.370621178572267 9.83165190663217 -83.27259 56.29041 52
1 0.393071717829104 9.88999652502867 -82.76177 71.8338 52
1 0.378746129543325 9.82320522488129 -83.11844 62.88753 52
1 0.388375540906352 9.754557649546 -87.35351 70.09374 53.32
1 0.309866375466244 9.13906893905159 -82.322617 2.964765 51.71
1 0.392037641665816 9.7113390273273 -87.3024 71.72453 53.32
1 0.333039580429864 9.22567412896452 -84.18988 15.27955 52
1 0.381124464251985 9.97371790305807 -83.14684 64.55238 52
1 0.386199297312163 9.7842971408305 -82.98591 68.99662 52
1 0.396200123419683 9.81369807434259 -82.81834 74.02411 52
1 0.382401913749168 9.73758050288866 -87.69544 63.97203 53.32
1 0.389679373758019 10.159089090341 -83.0549 69.8321 52
1 0.386174603870351 10.2504244888326 -79.71724 67.8036 51.52
1 0.391396405574041 9.77216536281651 -82.98591 72.15404 52
1 0.368598945781657 9.86310583178694 -83.61352 54.09262 52
1 0.353775641530987 9.43636594584379 -84.00756 40.91488 52
1 0.385830081537841 10.5873939607629 -83.27937 66.11367 52
1 0.379636685635385 9.77218181520096 -83.41878 62.19181 52
1 0.36887492433346 10.2401651482636 -83.67009 55.2973 52
1 0.398274877249889 9.90515946353532 -82.98591 75.75003 52
1 0.392969403866495 9.71601621106808 -83.09027 73.89671 52
1 0.378620746022647 9.91917299607554 -83.56028 61.25449 52
1 0.397212847581387 9.82577922448075 -82.98591 76.66968 52
1 0.372611240890522 9.81437170275923 -83.71988 56.97427 52
1 0.382003893763311 9.88500439051827 -83.49574 64.36669 52
1 0.369014509890732 9.80807583664258 -83.80362 54.98138 52
1 0.374786275463426 9.8921222123793 -83.62927 60.67438 52
1 0.379710661700929 9.73592420329805 -83.56128 63.90696 52
1 0.389027750945547 9.82846794993449 -87.7998 69.78634 53.32
1 0.384114662602885 9.70744143355417 -83.45591 67.15957 52
1 0.373336519761135 9.48673437125002 -83.7638 58.49611 52
1 0.378546056655554 9.59358345664976 -83.63027 62.74435 52
1 0.38505934700669 10.2734023278852 -83.49674 66.65096 52
1 0.374260102230097 9.70443618462173 -83.78342 58.38657 52
1 0.370306740651271 9.7780807822427 -83.84796 56.57398 52
1 0.371819812737658 9.74100246451821 -83.82424 57.38804 52
1 0.379855670943492 9.93621578121951 -83.66664 62.40539 52
1 0.395143399484157 9.80413524343467 -83.27359 73.20599 52
1 0.339040736129166 9.92297156404109 -82.7548 22.04158 51.71
1 0.392353258107434 9.77628857808917 -83.37895 72.03168 52
1 0.382849435626105 9.85532357673363 -83.62927 65.40961 52
1 0.387614151988566 10.5802569215635 -83.5777 67.80144 52
1 0.375633339637433 9.81190666768966 -83.88978 59.04292 52
1 0.370581465367502 9.7005295908499 -88.45313 57.49745 53.55
1 0.339942674631513 9.66806360256537 -84.70071 23.41898 52
1 0.384625925892013 9.8334208261621 -88.08748 66.53228 53.32
1 0.377063952175915 9.92190409890896 -83.82424 62.20695 52
1 0.319043986119851 9.28867097282723 -82.973489 6.049689 51.71
1 0.373070934488951 9.84017509146917 -84.00656 56.85242 52
1 0.386268074520599 9.61334510195675 -83.6021 68.64337 52
1 0.383843641632411 9.6715598643507 -83.71888 65.66793 52
1 0.398514618323441 9.93415572410796 -83.27259 77.23323 52
1 0.388066978588937 9.79466857942359 -83.6011 69.1629 52
1 0.375241820850244 9.85809120652306 -83.95777 59.88347 52
1 0.399587925267229 10.0180381385436 -83.30176 77.42053 52
1 0.390075687575947 9.78823860995418 -83.6011 70.09202 52
1 0.383823052774225 9.9064482897995 -83.74705 66.19454 52
1 0.385815202936275 9.85421335387538 -83.67906 68.24218 52
1 0.35645344322118 9.73147576191878 -82.51491 43.94457 51.71
1 0.316818708033178 9.54808969505418 -81.626015 5.131115 51.52
1 0.348266205513767 9.81647846172558 -82.7548 35.0004 51.71
1 0.376873286326389 9.51892879165066 -84.00756 60.28643 52
1 0.356337922299199 9.71749065640311 -84.4412 45.20749 52
1 0.404181010444466 10.0272129439275 -83.24888 80.10135 52
1 0.384550766638926 9.76744678848221 -83.81259 66.07 52
1 0.387890972332677 9.79739330109069 -83.70646 69.08545 52
1 0.377554684925441 9.96533789020308 -84.00756 60.66079 52
1 0.371786162719633 9.80701530280565 -84.14009 56.72409 52
1 0.376217578924989 9.62909883982999 -88.44516 60.09001 53.32
1 0.377170804981465 9.91279495529529 -83.96674 62.15441 52
1 0.39306427698871 9.82901813360642 -83.6011 72.40203 52
1 0.380997576687882 9.85618627046426 -83.9012 64.82686 52
1 0.388339311683015 9.99289740418975 -83.71888 69.78631 52
1 0.37780818394134 9.77927528762573 -84.00656 62.32063 52
1 0.385199960235859 9.92379441427932 -83.9012 65.41894 52
1 0.393864921860779 10.1449160454434 -83.62827 72.74154 52
1 0.312297772931603 9.41416815903782 -83.17224 3.065115 51.71
1 0.374972463080015 10.0091346012882 -84.11192 59.85078 52
1 0.385152704677302 9.86572548004087 -83.88878 66.37979 52
1 0.329154030796234 9.28132601345303 -83.16026 11.24742 51.71
1 0.39928064589212 9.93126691527326 -83.56028 75.49476 52
1 0.385640104037571 9.79037119578178 -83.86816 67.70702 52
1 0.375683341029256 9.68172591507024 -84.0721 61.98631 52
1 0.31457801429014 9.22601948788433 -81.77397 3.923029 51.52
1 0.376009265529523 9.63743828329206 -84.11192 61.02214 52
1 0.318749580720487 9.37361562224759 -83.235453 4.605656 51.71
1 0.388857448504324 9.87044333828543 -83.88878 67.98244 52
1 0.371954285355298 9.87292902225428 -84.21705 58.45871 52
1 0.369537004067542 9.6424494115747 -84.30667 55.56943 52
1 0.387015239383523 9.8061140863641 -83.9022 67.77841 52
1 0.358982277967539 9.64347739653584 -84.54556 47.70747 52
1 0.388488119847807 9.74638457234477 -83.9022 68.68684 52
1 0.392524709640643 9.71814444598474 -83.78442 71.97189 52
1 0.389764601986189 10.026620434868 -83.83666 70.65364 52
1 0.377682960638982 9.52579699511675 -84.16926 62.41452 52
1 0.39656528526064 9.90001752357814 -83.67009 75.68842 52
1 0.384979067110985 9.76863002187086 -84.00756 67.24122 52
1 0.381886874246401 9.86284144331138 -84.11192 64.72226 52
1 0.311860456664508 9.19685263734179 -83.378954 2.715082 51.71
1 0.336436733710535 9.3666313198065 -83.27459 19.75128 51.71
0.398018669318942 0.380874482689147 9.79199905484981 -84.18988 63.90714 52
0.4272897326111 0.389778855842369 9.76420803471722 -83.9022 71.69711 52
0.440876886934345 0.377436283871568 10.057437761274 -82.33359 62.6786 51.71
0.437829808726816 0.39182384800624 9.73196190513795 -83.96674 70.41977 52
0.509315331327954 0.377769323632275 9.61778928485702 -84.25442 62.68602 52
0.43724840588385 0.388421153495899 9.95074621365073 -84.00656 69.61193 52
0.417584258558715 0.405362560444069 9.96986599565227 -83.49574 82.03716 52
0.439627459227422 0.381682516874208 9.760885342117 -84.18888 64.86217 52
0.460500302147895 0.387632251748895 9.41830724632887 -84.0721 68.3747 52
0.402046893111507 0.389402419790374 9.92499362043674 -84.02231 69.76998 52
0.408008086964795 0.382800393424226 9.8084807472725 -84.18988 65.63437 52
0.469914253067917 0.412401422632387 10.2116846144337 -83.21138 88.83721 52
0.491624123997161 0.385195727571991 10.0222761971878 -84.17746 66.06613 52
0.445605303928701 0.389492557103218 9.69867985444416 -84.00756 70.94648 52
0.481934606610201 0.399701362960511 9.82702448709814 -88.28423 77.37548 53.55
0.403539488361551 0.38535668510887 9.95302458759472 -84.20463 66.29221 52
0.396162438285004 0.388365102459453 9.69333321014768 -84.12535 68.46197 52
0.401714701996945 0.375857556062445 9.75304436838243 -84.42778 60.19641 52
0.543505515372274 0.384911318833283 9.80833381533635 -84.18988 67.09161 52
0.406385047774904 0.389064117999229 9.80898324390836 -84.11192 69.31181 52
0.392040785575458 0.39549133819376 9.71943484841383 -83.96574 73.14172 52
0.508392035008193 0.378153935032835 9.87753385504533 -84.3996 61.37162 52
0.404088981354435 0.381566484241043 9.52596838376013 -84.29524 64.44524 52
0.557484951003625 0.385203289648929 9.84486169086197 -84.18988 67.48504 52
0.630494923816639 0.389710982604061 9.72780034760971 -84.12435 69.37735 52
0.57567183309235 0.368075386189062 9.87690638765514 -84.63517 54.23326 52
0.404719006965027 0.365539608506583 9.82620854343951 -84.69971 52.0367 52
0.396513175557041 0.38298929526699 9.75063758960211 -84.30767 64.51201 52
0.386212038015622 0.385716864974531 9.62016396988142 -84.18988 67.99443 52
0.189349547896802 0.378152908039745 9.75460669578504 -84.3996 62.10107 52
0.199681960695398 0.384175312679119 9.74171304082006 -84.22971 66.99537 52
0.218791233232098 0.38396389915723 9.93211977727178 -84.29424 65.22284 52
0.179954010375614 0.373268883385838 9.77771966766566 -84.51739 58.70331 52
0.208519404311019 0.363351272820748 9.639705627934 -84.77767 50.22543 52
0.217116338156111 0.383990374890629 9.88092549266903 -84.32242 64.87308 52
0.162381331448284 0.392178212855588 9.83567861099417 -84.12435 70.29068 52
0.271948543572647 0.387489183165992 9.75721898695732 -84.19334 68.67798 52
0.18216804749755 0.387589578456212 9.74235841006765 -84.18988 68.8765 52
0.161595641856747 0.37067211562791 9.70642630606474 -84.63517 56.15221 52
0.160302846775611 0.388296715176445 9.77257435659441 -84.18988 69.31066 52
0.191342850084703 0.383976259566201 9.69492439614632 -84.34749 65.01496 52
0.158263540576443 0.371912869678321 9.70311119698807 -84.58193 58.30324 52
0.159143525727712 0.38007480398948 9.5842201690514 -84.41203 63.51701 52
0.250827647785469 0.366811799026141 9.74402498816928 -84.68009 55.3025 52
0.169032493835921 0.371896816682563 9.73559703665882 -84.59435 58.18356 52
0.174107520152678 0.387876942727278 9.87138834806235 -84.12535 71.69201 52
0.206494372630061 0.404249748440274 9.99311856655946 -83.73563 81.0622 52
0.19523996593204 0.381330312670872 9.79426688344346 -84.41203 63.99273 52
0.225884006288925 0.385632108300363 9.67217693745628 -84.22971 69.11125 52
0.170056197413389 0.387034444710242 9.85106743391586 -84.32342 66.86559 52
0.170030984397178 0.38478844868846 9.86045218067588 -84.36324 66.15527 52
0.255759920934376 0.387000403288724 9.76174557437059 -84.29424 68.4664 52
0.156638218394633 0.385874734249996 9.98669758634418 -84.35878 66.81508 52
0.257933499426372 0.383245071460216 9.7867211056456 -84.41203 65.45705 52
0.166474586981757 0.366276315025327 9.79113076387505 -84.83324 52.5131 52
0.16554377499051 0.386930540918382 9.78169300287623 -84.35878 67.19932 52
0.305374112976703 0.385111773683947 10.1343302117242 -84.41303 65.71017 52
0.180830609613129 0.38159444918686 9.88769500396934 -84.47657 64.06284 52
0.232755335318303 0.363351068915185 9.6783940743394 -84.92285 49.58236 52
0.175315034860529 0.330043344383611 9.4704411275051 -83.66764 12.84457 51.71
0.218777108752173 0.391394026259134 9.83510995130816 -84.25342 70.63165 52
0.187629285601494 0.386832389820155 9.61375823552752 -84.37221 67.97917 52
0.19227817385844 0.388685582303821 9.78210083200553 -84.29424 70.07427 52
0.175184265252912 0.404832805723062 10.0811078997274 -83.88978 80.07976 52
0.230343052377155 0.373775919834611 9.86262766940753 -84.66334 59.72688 52
0.237483391909967 0.347971983935232 9.64510239924109 -83.44795 33.52557 51.71
0.175659466840994 0.373320267826134 9.98299594639286 -84.68729 59.64225 52
0.187187042662972 0.369895704312965 9.82820132777999 -84.80507 55.9379 52
0.162093553628716 0.352221227141012 9.61319089878334 -85.23971 39.10333 52
0.259171271554369 0.381035847587607 9.71369493881366 -84.54656 64.09312 52
0.157924498151382 0.359053276042223 9.69293349171723 -85.04064 47.77221 52
0.205799252753319 0.395683615150627 10.2917236858077 -84.22971 72.79136 52
0.193890726685953 0.406110598518845 10.1739530693469 -83.81359 82.81236 52
0.276088336526961 0.379069943738583 9.80388593290134 -84.58193 63.54572 52
0.18551320555767 0.387512246705962 9.7971474580193 -84.35878 69.77298 52
0.159935383848148 0.40019043059702 9.97617594183696 -84.14009 75.65617 52
0.156294360117568 0.384709676622252 9.80754420352267 -84.48102 66.87731 52
0.16811309204781 0.388289330792474 10.0569563127697 -82.53166 68.17066 51.71
0.168290416083479 0.385650247691065 9.85550926970879 -84.47657 67.14558 52
0.158357557661264 0.383156434305969 9.65304831993438 -88.89941 66.44345 53.32
0.223654066289244 0.384519147555839 9.83847826890606 -84.51739 66.29798 52
0.160659297811388 0.389441235669719 9.71859922830406 -84.37221 70.21816 52
0.15739251285921 0.389129517055167 9.71686467936248 -84.41203 69.7054 52
0.162782198365856 0.389598555798063 9.79902804254536 -84.41303 69.73391 52
0.294648478295116 0.38721422084076 9.90541460161632 -84.51739 66.99616 52
0.166979596732889 0.330611704021415 9.29119172235318 -83.79917 13.4392 51.71
0.302158928484631 0.378561888814854 9.80213781907671 -84.65092 63.31278 52
0.163681218755834 0.361934125496525 9.93539524940818 -85.05638 50.09135 52
0.219391901778709 0.381397797163562 9.68077000308846 -84.58293 65.3212 52
0.196021724386492 0.384286535135417 9.82682469523373 -84.52981 66.86565 52
0.181846944338836 0.38146941150624 9.83802045433113 -84.65092 63.57404 52
0.180663571791534 0.390338206653144 9.89626998414428 -84.48102 68.45836 52
0.25985338690873 0.365614797798019 9.64871442420804 -84.99981 52.90508 52
0.237808924280519 0.374579854080882 9.87377839274417 -84.87061 57.35794 52
0.197740412600139 0.373409616603389 9.89472437612062 -84.80507 59.5365 52
0.188538580926848 0.377198481052229 9.75101918706857 -84.76425 60.82985 52
0.193571305945517 0.38053248681355 9.67776067187502 -84.72888 62.05474 52
0.215260806333359 0.392240270810669 9.74097982416775 -84.37221 72.02988 52
0.232569168318222 0.372345796556772 9.92150254400273 -84.90223 56.88437 52
0.243471728142038 0.383506322478182 9.75390524182596 -84.65092 64.70164 52
0.219515128614452 0.376264767445754 9.66616522453665 -84.76525 61.6453 52
0.289281141011654 0.351954894903558 9.59480223788794 -83.48331 39.67465 51.71
0.155622494366813 0.37915725243587 9.59401663990931 -84.70071 64.06454 52
0.16467691741235 0.291719094042619 9.05032352234596 -77.886345 5.021675 51.02
0.197406621484135 0.373540003836571 9.85773006361952 -84.88649 58.51658 52
0.214493387204323 0.382501220651943 9.63510877536285 -84.63517 66.01454 52
0.188657615546105 0.378535572409611 9.90700909555544 -84.69971 64.20494 52
0.198401899585726 0.38398645701315 9.71373544568748 -84.58193 67.57387 52
0.173398903627798 0.380469929755213 9.44452172584162 -84.67909 64.89636 52
0.203550312549643 0.401086763553696 9.92004339836065 -84.11192 79.62528 52
0.221121475279807 0.387239296851979 9.97120419167314 -84.58093 67.99669 52
0.18366485472909 0.368827750518805 9.81035867638559 -85.05638 54.15316 52
0.168801492899494 0.387230276875297 9.81342136900074 -84.6101 67.75927 52
0.154648078660371 0.374927569001874 9.59203511969475 -84.88303 59.95686 52
0.176124694696251 0.375456038588226 9.63724613926915 -84.84221 61.22977 52
0.210655236881384 0.389303622637902 9.90277319416288 -84.59535 68.44619 52
0.174179105641333 0.374034904352958 9.87598594842113 -84.88303 60.32902 52
0.170405444368693 0.367288946555461 9.7341589462309 -85.10517 53.08048 52
0.177580398845868 0.377812988538528 9.406088391283 -84.83424 61.83158 52
0.331417059132447 0.3855477387698 9.60469141259197 -84.65989 66.85697 52
0.266495482084604 0.36780307063795 9.75346056237555 -85.10517 53.3784 52
0.297998484489684 0.393982197187913 9.96061396412728 -84.5421 70.45726 52
0.157622306839796 0.38902324147156 9.76127257251465 -84.63517 68.20294 52
0.269668401876333 0.373283846806076 9.83564513366773 -84.95102 59.21363 52
0.190931801975229 0.341135985782137 9.72703816707607 -83.85341 24.71443 51.71
0.171954511924674 0.385889717320824 9.75251491492137 -84.59535 69.52791 52
0.223852471482903 0.368668506924493 9.78824956059414 -85.06535 55.90056 52
0.235662768829987 0.390698263691016 9.74195672875614 -84.5421 71.27158 52
0.186093068897386 0.373447929200842 9.91270936030505 -85.04064 56.98926 52
0.278964343764228 0.391366405542341 9.79289685851649 -84.58293 70.38077 52
0.249432774225875 0.374241921005043 9.80014325480881 -84.98739 58.82896 52
0.20650957443825 0.358998749417747 9.75182006997518 -85.32345 47.12844 52
0.162850519723061 0.379876830696695 9.73905508369611 -84.80507 64.414 52
0.295205035086768 0.36228809185954 9.79213634782975 -85.23871 50.46244 52
0.240591729518734 0.382180193411659 9.81024040088957 -84.80507 64.58442 52
0.185629070298149 0.392438280865737 9.80513780344008 -84.58193 70.68295 52
0.161595575179321 0.385031132638662 9.85965321010551 -84.78445 65.22227 52
0.159792762904331 0.382802072126822 9.69721803289278 -84.81749 64.42069 52
0.157747165449115 0.389959081663387 9.78469203332847 -84.63517 69.7922 52
0.156058693160495 0.376092417167797 10.0738202552045 -83.04248 61.4174 51.71
0.209068463621256 0.383711736489935 9.7235161891699 -84.76425 66.48879 52
0.210311465724133 0.399257917465151 9.98920054309686 -84.37221 76.62039 52
0.189115094277698 0.388664925197774 9.80550076924284 -84.69971 68.32167 52
0.187566012322547 0.369872518283341 9.72798227864459 -85.10617 56.35998 52
0.250539093231197 0.379813277679759 9.76000811881114 -84.88203 63.46779 52
0.184474210105181 0.379830409374602 9.61979910775913 -84.88303 63.66149 52
0.169510214679547 0.378584949960725 9.64606372760364 -84.95202 61.91797 52
0.164822561496874 0.399212313267638 9.89211579802808 -84.42778 76.01547 52
0.167812628241569 0.310523180838461 9.14771118861488 -82.686807 3.328679 51.52
0.279249052890115 0.370473476638114 9.85195702244593 -85.12092 57.0005 52
0.109910260966878 0.386263058306309 9.59932160138534 -84.76525 67.5973 52
0.368095778617077 0.377025635932589 9.43749613168322 -84.96777 61.81233 52
0.120202568911068 0.401987501485172 9.9852504217519 -84.36324 77.86292 52
0.186929113472987 0.37383490682752 9.69858381052576 -85.01656 60.43784 52
0.110482395359826 0.383918393505487 9.66775304563143 -84.77767 67.41316 52
0.124398408887925 0.371592670100493 9.57445770446413 -85.08556 58.47367 52
0.105857604814853 0.386559814453792 9.92207562732553 -84.76425 67.93154 52
0.199473781132768 0.332929545626132 9.27808047630192 -84.0721 15.89006 51.71
0.165187132889622 0.360057644577579 9.74425043478688 -85.34407 50.02465 52
0.130868682306568 0.3103748884811 9.05092057226548 -84.141094 2.925195 51.71
0.112494245608102 0.373098011262492 9.86438023188546 -85.10517 58.27883 52
0.111007329521409 0.347409758100778 9.50619868561982 -83.85341 32.66454 51.71
0.124555494464157 0.376871037036773 9.54471843486834 -84.98739 62.10668 52
0.112096582444429 0.386885754484381 9.75057141870685 -84.76525 68.4189 52
0.108859444636096 0.391844315655358 9.74858563338048 -84.70071 70.2607 52
0.118018531097106 0.389495662778041 9.86933631009096 -84.65989 71.381 52
0.192880696217039 0.379034762001759 9.64576920737146 -84.98839 62.3156 52
0.104866443757246 0.375565959207031 9.60255410028127 -85.01656 61.55099 52
0.109264931583326 0.373908688049245 10.0455891930169 -83.20905 59.0384 51.71
0.109702568155525 0.379519322852421 9.66018701557883 -84.96677 63.13402 52
0.106638082894204 0.380390506709846 9.81772319124469 -84.98739 62.72337 52
0.109372465341873 0.365457687085401 9.75511992836957 -85.32832 51.70605 52
0.146847505485902 0.37548332413876 9.86629538905092 -85.06535 60.50405 52
0.115390120358328 0.371507249839912 9.81596670377207 -85.21053 55.89363 52
0.104442035389728 0.379569951142011 9.59364220857781 -84.95202 63.91977 52
0.160167925344618 0.387698393374919 9.81481104337908 -84.69971 70.92359 52
0.119659589597797 0.398432174358404 10.014700733349 -84.54556 74.86886 52
0.106511103641306 0.374642963803793 9.70107836790819 -85.10617 59.46531 52
0.174083154571288 0.389628081054085 9.8629635914965 -84.65989 72.41526 52
0.389915244056824 0.39416090991252 9.93413777468735 -84.69971 71.80907 52
0.123774273910085 0.384673680650544 9.63121418146094 -84.88303 66.96313 52
0.108816261979661 0.377832775133549 9.71243455297013 -85.06535 61.82566 52
0.111176161593498 0.38506452382446 9.83280875475776 -84.88303 67.16595 52
0.127189970900573 0.374052730960199 9.79654751198972 -85.17071 58.72461 52
0.111123059391653 0.362430344356421 9.70382958519395 -85.39286 51.22269 52
0.115074740685699 0.394043642386684 9.87695597508717 -84.69971 72.10387 52
0.184934957326051 0.373579153513978 9.64998645181217 -85.16971 58.82448 52
0.134585157875888 0.379738891842613 9.91213239106915 -83.15926 62.47384 51.71
0.116629825370879 0.385567020162861 9.83267623912281 -84.92285 66.3305 52
0.104908585878246 0.389454638398513 9.79044996299832 -84.81749 69.22204 52
0.113210629484779 0.380262587851913 9.75438046374142 -85.00081 64.59727 52
0.129277604752489 0.379159443482494 9.7856794828384 -85.08556 62.40862 52
0.175046894970423 0.382406098193924 9.70924630225459 -85.00081 64.9585 52
0.109718430227503 0.376179880367139 9.63486306716964 -85.17071 60.04507 52
0.104603597257744 0.384786300098741 9.81324630956971 -84.94757 66.65668 52
0.119220064936661 0.380808343736314 9.75224912741618 -84.98839 65.53004 52
0.118517420126827 0.369530668182814 9.99635154676027 -83.39816 56.63089 51.71
0.236602489773723 0.375447670570238 9.81021565376113 -85.17071 60.45143 52
0.111843486522821 0.386119306811867 9.38839837137668 -84.95202 67.03268 52
0.108296055493573 0.38810053137983 9.83291317399253 -84.88303 68.92807 52
0.149394594796238 0.381159111755898 9.39486783117637 -85.06535 63.88982 52
0.103920875301292 0.388048875578213 9.76982073599822 -84.88203 69.02817 52
0.120754235870613 0.374150055254708 9.6652609764934 -85.16971 60.86353 52
0.141101835583352 0.388707779956107 9.87512766368201 -84.81849 70.82438 52
0.335435280355096 0.375206455785808 9.66259094965236 -85.17071 60.90745 52
0.106964804172201 0.386696543469934 9.77475492369214 -84.95102 67.29323 52
0.118456442475619 0.378556529457236 9.86540894817592 -85.10617 62.9113 52
0.128973995699384 0.391529801875618 9.82552142506403 -84.76425 72.31932 52
0.153274243831902 0.381993508282151 10.0706145144145 -83.13109 65.39032 51.71
0.165660745419283 0.386923249085539 9.82742495486576 -84.88303 69.31702 52
0.176304414989872 0.341609972372905 9.36358580414902 -84.12535 25.54876 51.71
0.192969643343052 0.389497826918825 9.8252110861434 -84.89778 69.1146 52
0.176610604531921 0.383723247777901 9.66463774722864 -85.01656 65.89956 52
0.116967802785329 0.368273442545501 9.75627481790323 -85.39286 54.41299 52
0.159785185200477 0.374477685962783 9.68619285015246 -89.62073 58.51264 53.32
0.104870736402421 0.385181474403116 9.88069004172175 -84.92285 68.69673 52
0.133124052001805 0.378782391430284 9.79216958219706 -85.10617 63.58011 52
0.196338430456742 0.388795723495435 9.86484704070311 -84.81849 71.5182 52
0.114444323302171 0.381760036489019 9.82160054072185 -85.10617 63.64512 52
0.144706900406544 0.379769181514885 9.88660080802652 -85.10517 63.77232 52
0.139263580061524 0.393586458598666 9.77776701550823 -84.77767 72.68107 52
0.135233772347219 0.378287209281236 9.51834817111481 -85.16971 61.89649 52
0.174441375799888 0.391402771498658 9.83026364662666 -84.80507 72.022 52
0.114724653216598 0.38325585119773 9.90512782833044 -85.06535 65.05844 52
0.110195156523241 0.379569986464056 9.80599049974688 -83.25297 62.93215 51.71
0.10829299485638 0.376444918149484 9.65198766068573 -85.23971 60.10363 52
0.104315170502803 0.395791687615648 9.91955887854231 -84.72888 74.26178 52
0.176661883801726 0.38731426676442 9.66931563841132 -84.95102 68.54311 52
0.126546556122615 0.391849015447229 9.78289479021471 -84.88303 70.52116 52
0.10767807703386 0.396431130720921 9.91543754108147 -84.76525 73.58251 52
0.128731754211089 0.392110062761395 10.3131009028361 -83.00611 70.11434 51.71
0.122726880422149 0.390539022277978 9.79359300905285 -84.95102 68.8193 52
0.0852293425838163 0.38680310813882 9.93448719827455 -84.99981 67.54015 52
0.082601301951454 0.38586450427334 9.68412567767239 -84.98739 67.93143 52
0.0745629048907379 0.383480011934562 9.77633246420726 -85.06535 65.87038 52
0.0744373079588218 0.381439113475849 9.84832464348172 -85.10517 64.7557 52
0.0823897949415723 0.353337359828538 9.46989316561059 -85.7859 40.79415 52
0.412174144562621 0.389934855695097 9.84603179093164 -84.88303 70.91692 52
0.0929474712300259 0.364833696723253 9.67136197993861 -89.8147 53.53303 53.32
0.0949899311163681 0.35245285906295 9.62574835402012 -83.95777 39.2144 51.71
0.0951917549090058 0.378646473499565 9.71040640651535 -85.21053 62.24709 52
0.0744256194438074 0.376507663168767 9.98313173898436 -85.21053 62.31997 52
0.0791433998178258 0.378102797443087 9.70951337843639 -85.17417 63.52131 52
0.0753697966552352 0.389960017104653 9.97714406218201 -84.95102 69.82959 52
0.0745640839813048 0.387385553819798 9.73840567202235 -84.98739 69.01535 52
0.103482758713617 0.388480736927398 9.78216857560427 -84.99981 68.70151 52
0.0826805391534463 0.391139739074462 9.8233244912872 -84.92285 70.75218 52
0.111784440411221 0.392498514422331 9.78763511350875 -84.88303 71.87054 52
0.1228829196523 0.382467162717837 9.87342003864126 -85.10617 65.9525 52
0.0779980292789167 0.364026583596203 9.61758725043355 -85.616 49.60469 52
0.102672590469675 0.384303193099436 9.755525704422 -85.06535 67.27605 52
0.0786383762053797 0.397064319443506 9.96857700176735 -84.78445 74.62395 52
0.142739059347755 0.389546343391894 9.73404209185056 -85.00081 69.32635 52
0.076152150743971 0.36727393695163 9.83684542125216 -85.52639 53.42617 52
0.089833478758856 0.393106074726762 10.4556270274559 -84.90943 71.78179 52
0.0845267039973191 0.339166410444031 9.46255760064183 -84.29524 21.91796 51.71
0.126869449530856 0.379826335039018 9.76015816496209 -85.17071 64.76793 52
0.073817079593849 0.387148364202986 9.84820817382377 -84.98739 69.87198 52
0.134582623631486 0.386382816192218 9.81257841867995 -85.06535 67.78389 52
0.0770419241948943 0.378989753557115 9.81100992005888 -85.23971 62.88806 52
0.0816433974074995 0.386523144188598 9.83521173885478 -85.05638 68.09923 52
0.154716948924641 0.391985999954282 9.95895139876908 -84.95102 71.11966 52
0.0782428915675845 0.374348400849124 9.75251324411924 -85.37224 59.09559 52
0.13563446040128 0.394601168158335 9.83036462448147 -84.88303 72.92378 52
0.0813503194953178 0.372354843262837 9.60565421885946 -85.39386 58.65487 52
0.0770292634943843 0.387927311884835 9.71469197858577 -85.00081 70.13861 52
0.085070034515967 0.36440675190376 9.72738376682671 -85.616 51.382 52
0.0816385313358867 0.298449974885273 9.20472669311136 -80.165857 2.950335 51.191
0.157021440725816 0.410628168324747 10.1967875243914 -84.14109 90.09842 52
0.0976760592723916 0.388500479368308 9.67699674403722 -85.04064 69.27028 52
0.0842701078520438 0.378962163771306 9.406015590042 -85.24767 63.47864 52
0.185377593799869 0.371929227912479 9.90610637918754 -83.49674 59.51183 51.71
0.0774678871372508 0.380504392525992 9.67410701770569 -85.23871 64.06664 52
0.124484944369259 0.375088878531157 9.71510306885332 -85.35303 60.80026 52
0.0787655778268227 0.373588436654394 9.7499566544286 -85.42103 58.70076 52
0.126700771131048 0.382503682082439 9.73809470756909 -85.17071 66.18438 52
0.0784181746844593 0.386837453009108 9.82899424176416 -85.10617 68.01738 52
0.0788667386676807 0.354672200958691 9.49399421611035 -84.00756 41.65097 51.71
0.0737200906045021 0.389964417200022 9.92059854709028 -85.05638 69.44557 52
0.0735811221956212 0.381025526005754 9.8470232251211 -85.27507 63.61049 52
0.0737554891895438 0.372397742352316 9.82311573413438 -85.46185 57.96815 52
0.135572295486051 0.35309342448058 9.50452299684511 -85.90368 41.33254 52
0.0742422355036388 0.384303631258675 9.59711319007891 -85.21053 65.55817 52
0.0739742946301763 0.393387106583984 9.8595498009045 -84.98739 71.69135 52
0.118947127355693 0.368315007512366 9.57297120579123 -85.57618 54.29419 52
0.173860375578401 0.364696242195377 9.87788714087069 -85.63175 52.36122 52
0.123659127326807 0.390229239603371 9.82950777691479 -85.05638 69.8946 52
0.0979788132545898 0.382451303973536 9.74736155798887 -85.22396 65.31164 52
0.0845733683957793 0.371636570439915 9.82329479837271 -85.51064 56.6324 52
0.147201363263082 0.393363641960433 9.67962628604472 -84.98739 71.94067 52
0.0777147946345326 0.383994615642624 9.82393260491398 -85.22296 65.65713 52
0.104539974519552 0.381891464091718 9.77515611441312 -85.27507 64.3082 52
0.0776948903211895 0.379900867442853 9.66589427678675 -85.27507 64.32252 52
0.162632531825772 0.377558901244017 9.73614604580666 -85.39286 60.83354 52
0.0816196747544906 0.382063471998507 9.72845678435912 -85.2885 64.0269 52
0.0976261582487458 0.384672649446566 9.95232496479385 -85.23871 65.45927 52
0.0841667109153533 0.374204289372419 9.76043873903525 -85.46185 58.89682 52
0.133384116541212 0.413222694307659 10.3000483861935 -82.16601 92.64916 51.71
0.172208232165047 0.379359508292689 9.86874916880335 -85.32832 63.0637 52
0.0788515204899527 0.38696996860306 9.91500978319782 -85.16971 67.58505 52
0.0819765152787198 0.386755105827162 9.76265838059755 -85.10517 69.50868 52
0.079104224536646 0.375658326506742 9.85983286409022 -85.39286 61.4034 52
0.0865602852131143 0.376527125550488 9.64004220387589 -85.42203 60.5862 52
0.13249259938267 0.377559132102505 9.83310150974662 -85.39286 61.54471 52
0.0760914798299439 0.376756023511743 9.73122885732082 -85.39386 61.54671 52
0.101511810093755 0.376175437410268 9.60668844457775 -85.39386 61.5703 52
0.076430531022575 0.387132977272563 9.67414060768186 -85.10617 69.75287 52
0.122229979380766 0.381686890999376 9.60052199537205 -85.2885 64.77069 52
0.131584963264544 0.389187657794897 9.75625335129172 -85.10617 69.94996 52
0.0991909313901069 0.388816272405352 9.67689019539819 -85.05193 71.40715 52
0.0911678092316134 0.386073346388262 9.62156900565756 -85.23971 66.3507 52
0.0802027650664236 0.376376484654677 9.55748205009963 -85.42203 61.06291 52
0.0744878680722135 0.389621728609515 9.88685228617793 -85.10517 70.07493 52
0.0877068962323876 0.384188627232481 9.788554792869 -85.17071 68.32578 52
0.0800044659048447 0.379886241790862 9.39230958675934 -85.37324 62.56724 52
0.118602250845758 0.368677055687397 9.72248099405211 -85.57618 56.33837 52
0.159711664041471 0.373126694024288 9.45535360106786 -85.49102 59.18352 52
0.0841552295701901 0.383786220148372 10.0941364052281 -83.41158 65.02194 51.71
0.0817504363861114 0.388360526118158 9.77203744559743 -85.17071 68.61784 52
0.083846530959335 0.385518919602652 9.60375106047779 -85.12989 69.79645 52
0.0775099913705466 0.390854862716657 9.84767072330327 -85.09275 70.88254 52
0.0803236493834912 0.381798232355873 9.86330483951067 -85.35303 63.76003 52
0.133458385524046 0.385684440736193 9.80861849757688 -85.21053 67.88885 52
0.0709823776455744 0.375013066362862 9.80922243382113 -85.4584 60.72785 52
0.166285364819871 0.393639890408367 9.8151367618698 -84.98739 73.76442 52
0.0719680761817969 0.380523114040902 9.65713766385115 -85.39386 62.75678 52
0.0802446532152032 0.371969731911583 9.74737585531908 -85.57618 57.16669 52
0.0885672244631413 0.382076099659118 9.87173247755615 -85.2885 65.93088 52
0.0757389845065836 0.382328281850841 9.89953419265576 -85.32832 64.86417 52
0.112292963105317 0.371471914947732 9.64287086706852 -85.57618 57.33104 52
0.119919449822436 0.387326705999007 9.72613742121494 -85.22296 67.99824 52
0.105562195714982 0.375100981390934 9.51738920840786 -89.81571 60.78669 53.32
0.105975611633892 0.380924026781896 9.83894088747967 -85.34407 65.00356 52
0.0720028159627894 0.319181049658259 9.2567439288137 -83.183209 5.535396 51.52
0.0657703396560506 0.39010300067967 9.69021229443138 -85.10617 71.58454 52
0.118676084725645 0.318850759152315 9.17708773952268 -83.188436 5.732399 51.52
0.0677214951460413 0.383497685997824 9.78982776617888 -85.2875 66.79505 52
0.0907525605985296 0.371336045930509 9.47335939647329 -85.57618 58.21429 52
0.0806278152382736 0.380245089843193 9.8480936925759 -85.39386 63.89954 52
0.067497573395954 0.385850493808269 9.69952817994315 -85.27507 67.34776 52
0.0773429997855055 0.381149233395369 9.61607522934163 -85.35203 65.40925 52
0.066918025403498 0.393817510058072 9.84663728125066 -85.08556 72.63093 52
0.0694607923220785 0.378585257813006 9.53838316028879 -85.42203 63.45504 52
0.0777950679226871 0.375055934056966 9.4166575608416 -85.51164 60.77419 52
0.0701149392072248 0.38196290014556 9.86384272989935 -85.34407 65.75598 52
0.0771701226514747 0.353463489571488 9.7319318828705 -84.17646 41.18836 51.71
0.0968995129386181 0.377633688465511 9.73801054476276 -85.51164 60.83652 52
0.141362372494718 0.384316257414485 10.0122073832134 -83.47512 65.29845 51.71
0.103190279909407 0.363803893203353 9.58808070339606 -85.79932 51.36077 52
0.0945979687391008 0.388446181656358 9.84493339478025 -85.17071 70.5967 52
0.0657529304777749 0.355026590983271 9.71997358932369 -84.14109 42.93228 51.71
0.102076316026454 0.384981535128255 9.61827235086092 -85.2885 67.47302 52
0.070774976252118 0.380921794532433 9.87452951156944 -83.48331 65.2512 51.71
0.0655771889390203 0.37608915358469 9.80003127827013 -85.51164 61.07572 52
0.0789781156363813 0.377481600974065 9.82177845710193 -83.6011 61.91661 51.71
0.07015376510789 0.393978295199436 9.77982340647474 -85.10517 72.51557 52
0.0951209469331909 0.373674707921544 9.48742784457909 -85.60435 58.35687 52
0.0665534931359257 0.393625356094607 9.83533237922261 -85.10517 72.60118 52
0.0667356358736087 0.385578176269682 9.76675753201291 -85.2885 67.75154 52
0.0695855405396753 0.363902568523276 9.78117376449723 -85.86386 49.56343 52
0.0787253043768155 0.3767829920727 9.86317570049627 -85.49822 62.03249 52
0.0669205925419373 0.368437423971866 9.82856414844839 -85.69296 55.93731 52
0.166587338811579 0.348060689235682 9.55815909523236 -84.35259 34.09351 51.71
0.0658250116416095 0.38959513843024 9.79011973315287 -85.17071 71.32765 52
0.0666921711544665 0.390464505729075 9.87022183988403 -85.17071 71.35707 52
0.0719173131960117 0.384098402374389 9.92973397857483 -85.39286 65.35475 52
0.0702994500876071 0.377151452520201 9.80322625494788 -85.47082 63.14871 52
0.0692967646102356 0.42454901281561 10.3006839771775 -83.2248 110.7629 52
0.066860530109314 0.336327838618271 9.19106918739393 -84.58193 18.74774 51.71
0.0615243396555352 0.385721675289162 9.81349587116727 -85.32832 67.40665 52
0.0607246376408273 0.3825172450024 9.75629437417567 -85.39286 65.66968 52
0.0603556903520243 0.379829160383971 9.4621485468854 -85.42203 64.84689 52
0.0572347195883176 0.384916479354278 9.72939878897075 -85.2885 68.57668 52
0.109662652612529 0.382009998617448 9.65030044827995 -85.35649 66.71014 52
0.110977232702015 0.376908847988437 9.63412744912672 -85.57618 60.35731 52
0.107547778985496 0.317532512960999 9.12759274854714 -83.264625 4.655929 51.52
0.0585375057650784 0.350806332269097 9.5801449095752 -84.32442 36.69836 51.71
0.0701746489919358 0.383750586175813 9.66957561371881 -85.39386 65.83832 52
0.0715993397927466 0.401647955684735 9.96745137187393 -84.92285 78.01364 52
0.0593223500325169 0.399377496612056 9.97049456208457 -84.98739 76.5865 52
0.0680437428071578 0.376111142153193 9.87833928203323 -85.55456 61.33253 52
0.168199825080887 0.392274266787565 9.97281424590277 -85.23871 70.28537 52
0.109408555290885 0.372010865260184 9.82217309372665 -85.68054 57.39128 52
0.0761403423402405 0.388829492707469 9.86497127248982 -85.17071 72.17573 52
0.128696522638284 0.386285607605855 9.7622672023144 -85.39286 66.26378 52
0.0889709169662168 0.384458316823622 9.81830356117973 -85.39286 66.32042 52
0.0563657261020287 0.388128679373996 9.76316338205052 -85.2885 69.23214 52
0.0623820520243333 0.391658633780241 9.82910417807239 -85.17071 72.39701 52
0.0621683031986886 0.397202159126979 9.90729211046593 -84.98739 76.9914 52
0.0596571662548393 0.381804648338063 9.85775921870452 -85.46185 64.5723 52
0.0989178585014314 0.383106054672047 9.80992405548048 -85.39386 66.51591 52
0.063179055505631 0.38638669176672 9.716006920825 -85.38043 66.99051 52
0.0570339936464942 0.377736962184614 9.75381930043211 -85.57618 61.29798 52
0.317060281984449 0.397439171742904 9.95691367393151 -85.10617 74.21891 52
0.0564945103053486 0.370442559405479 9.71562728237152 -85.73378 56.43399 52
0.0517103700861314 0.378019944042621 9.83092253443986 -85.57618 61.48975 52
0.0481056432437197 0.381042608989995 9.764908380646 -85.49822 63.82754 52
0.133501053889269 0.376672154724498 9.60895502266897 -85.57618 61.64657 52
0.066933829956363 0.330004950422884 9.85053954371224 -83.26462 13.74204 51.52
0.0527814790391251 0.388837533995383 9.72842915177959 -85.2885 69.99112 52
0.0588972553697391 0.388513355189859 9.65430320515507 -85.2885 70.01969 52
0.0678520183541515 0.388370415103081 9.94159495541679 -83.49574 67.53732 51.71
0.0642688943248877 0.372923464801352 9.64090281865186 -85.64517 59.85427 52
0.0474548213184498 0.391888106103898 9.73340234395847 -85.23971 71.39308 52
0.0526540100654908 0.381237959497899 9.87797735818706 -85.49822 64.40746 52
0.231195119250466 0.384206730825248 9.73304048691916 -85.39386 67.38232 52
0.0499727978111034 0.385331091025333 9.91291417196963 -85.39286 67.41644 52
0.0541493689388091 0.398466777372771 9.88999460714193 -85.09275 75.24935 52
0.0635322706844371 0.37808172825097 9.78136834353281 -85.57518 62.21813 52
0.0816178101280085 0.381078533957659 9.49211216345298 -85.53536 63.48734 52
0.0479317731714918 0.373850285369016 9.4814083542011 -85.64517 60.18851 52
0.0502957718001913 0.391626482216759 9.89773502861657 -85.2885 70.42522 52
0.0473862419171215 0.383406447779135 9.83126474194986 -85.4086 67.24639 52
0.0779962074670064 0.374639006934561 9.80681857274224 -85.68054 59.29233 52
0.0766581549805111 0.393771312965968 9.75148086255923 -85.17071 73.75094 52
0.0480970787771426 0.378779590337502 9.83214340114849 -85.57618 62.75279 52
0.0506753542515931 0.38046288798888 9.70910415231996 -89.88024 63.761 53.32
0.0601773622047782 0.384738127169292 9.79270335561521 -85.39386 67.9978 52
0.0571756730056211 0.37823356018295 9.63869289383929 -85.57618 62.86816 52
0.0497842060630505 0.357740087763263 9.77383378760085 -84.21806 45.49802 51.71
0.0490358622225858 0.368238118261539 9.73671011008872 -85.79832 56.19247 52
0.0583014895751019 0.385267016934578 9.84728689711349 -85.39386 68.37391 52
0.0485010128172632 0.342848489544922 9.45251304206742 -86.42693 28.31964 52
0.0611925210447981 0.373114891537042 9.35396192937181 -85.70971 59.13297 52
0.0981601412934421 0.369899165466221 9.6961348513557 -85.79932 56.34394 52
0.0558644296565374 0.389645745398882 9.82013685695522 -85.27507 71.65452 52
0.0678523802046154 0.371510054686493 9.97854969580905 -83.86816 58.19818 51.71
0.0838889467004384 0.375647622600428 9.49110153775568 -85.68054 60.31108 52
0.09740276984668 0.371237580299341 9.84244434069683 -85.7859 57.0352 52
0.0423698178991346 0.401975658169451 10.0853661533206 -84.98739 78.94284 52
0.0420115642219626 0.375138426743575 9.72184471442775 -85.64517 61.5899 52
0.123353717229362 0.398054823490285 9.99265664499934 -85.17071 74.58628 52
0.106554417827032 0.381908647214345 9.6363906093933 -85.52639 65.20321 52
0.0475385756830047 0.383089077090858 9.80150458378511 -85.51164 65.86448 52
0.0657817158506992 0.385651205291034 9.89216471603984 -85.39386 69.17732 52
0.0576664045349803 0.386137199539722 9.68793860953074 -85.39386 69.4617 52
0.177554430684966 0.383463444441534 9.87459827082923 -85.57618 64.43241 52
0.102023472431339 0.376036270355084 9.74390470265199 -85.68054 61.35793 52
0.0459096676404395 0.371899031933317 9.83088175244448 -85.74953 59.24168 52
0.0489524826954319 0.375225913471317 9.72522870060321 -85.68054 61.42893 52
0.032813884714175 0.377775545295566 9.84109827527027 -85.64072 62.63346 52
0.0316468252605895 0.385409224085883 9.78594676807764 -85.52639 66.03302 52
0.031742986143156 0.377761236243798 9.70403135753358 -85.68054 61.55657 52
0.033764140728896 0.318352012198579 9.35516966276458 -83.408125 5.485738 51.52
0.0698703824727067 0.386081814528785 9.72484313750247 -85.4584 67.98142 52
0.145342388009915 0.3350004893205 9.09424219252494 -84.74808 17.80883 51.71
0.0540524302221524 0.377300005920258 9.84696361190227 -85.68154 61.89065 52
0.0317203857152445 0.389844666006292 9.78778845591283 -85.39386 70.08574 52
0.0320364408986148 0.386799695619072 10.2150983689597 -82.2158 66.44874 51.52
0.0339572854558957 0.384066932061805 9.84717972976524 -85.57518 65.27865 52
0.0362852589275801 0.397385884952568 9.91170533121844 -85.21053 75.17571 52
0.0336372078524662 0.390995752607799 9.90652430967708 -85.39386 70.52668 52
0.0690421410214345 0.373538938973607 9.7398491810189 -90.10339 59.53078 53.32
0.0335502736322446 0.381297247516298 9.69665782167434 -85.63175 63.94687 52
0.101796301275825 0.36778706297198 9.67696121609017 -85.98164 52.80233 52
0.0989716792311153 0.375984946677082 9.68934127424589 -90.06257 61.28407 53.32
0.0325043211502494 0.391643595774101 9.71738483439085 -85.39286 71.02155 52
0.0478055137081804 0.387784221528763 9.7355293189434 -85.47082 68.95064 52
0.0319347408405944 0.375925560253304 9.75269835456451 -85.74953 61.03235 52
0.0318478568342265 0.37260699685519 9.62942710099522 -85.79932 59.50828 52
0.0292902759938353 0.38359894442939 9.64983372398143 -85.57618 66.23787 52
0.0323869016505094 0.358651426351906 9.57624753037331 -84.32342 45.65402 51.71
0.0289167275938215 0.394235111483126 10.0138358301155 -83.40813 73.74911 51.71
0.0426246763465703 0.359538130334051 9.53923896047485 -86.155 47.24091 52
0.053276434248026 0.376668987593271 9.92474998545883 -85.74953 61.34536 52
0.0605521494985985 0.391689853375988 9.7934624082465 -85.4086 70.98697 52
0.111378634757458 0.374420894268396 9.78240022798901 -85.79932 59.93494 52
0.0404649942152921 0.385959397395494 9.63536214275439 -85.52739 67.96005 52
0.125888717336762 0.382914971616537 9.74772356538407 -85.57618 66.62634 52
0.029221959460714 0.374870721743295 9.77431409125206 -85.79932 60.08538 52
0.0450760981998474 0.37717591728532 10.1006744651523 -83.83999 62.7697 51.71
0.0395815114859785 0.376315621143396 9.68429555970821 -85.7585 61.62088 52
0.0313708120043128 0.38475479715928 9.60693354726233 -85.57618 66.96627 52
0.0308541129495036 0.333786714898222 9.58285301990933 -86.69599 16.64071 52
0.188079076845416 0.325848117103295 9.2815739905466 -86.744784 9.611423 52
0.0369619868490557 0.378213922208114 9.65156468424552 -85.74953 62.00144 52
0.0290886228221456 0.38237101551746 9.62882775509898 -85.57618 67.04492 52
0.0297977527633275 0.377034560820545 9.57984101508928 -85.7585 61.8153 52
0.0664431538252903 0.372753151598858 9.46026167364027 -85.86386 58.62874 52
0.0339327392690171 0.374212819161421 9.66491239769409 -85.86386 58.64228 52
0.0449533483728365 0.386555078147512 9.84522797495379 -85.51164 69.10328 52
0.0305739678714028 0.381235454868392 9.40410354136772 -85.70971 63.52968 52
0.230358744949701 0.373602775131939 9.59486196266601 -85.82749 59.95947 52
0.0292250296143549 0.295368607141094 9.02659050059683 -80.660935 4.115843 51.191
0.0349960968920774 0.39293093162259 9.87914637797168 -85.39386 72.22687 52
0.0281445382760051 0.385943283907457 9.69566359921386 -85.57618 67.38411 52
0.0319151152627887 0.385617944955954 9.5520235492914 -85.57618 67.39606 52
0.0375661487234029 0.393674128659195 9.74731055615508 -85.39286 72.29937 52
0.0292193136174238 0.37406288541304 9.67750285762088 -85.79932 60.94867 52
0.0407675697666025 0.38201472045868 9.90840113693925 -85.68054 64.50503 52
0.0281768880170189 0.395722825412133 9.72996824003115 -85.27507 75.42068 52
0.0294891528513529 0.38821233132012 9.76738685869626 -85.57618 67.5705 52
0.0294411669383719 0.377411480134184 9.78113934905145 -85.7859 61.62842 52
0.103121132596626 0.395164912469538 9.93094376678626 -85.34407 73.88406 52
0.0403801824105983 0.377771956951217 9.42647831429462 -85.7787 62.04033 52
0.0332977763049195 0.393747258362513 9.78204292132556 -85.39386 72.75828 52
0.0264606305374166 0.387434247990791 9.8846068806967 -85.52639 69.28451 52
0.0268098562888307 0.372932521788614 9.80498192537758 -85.86386 59.50895 52
0.0289148819072106 0.379612755900496 9.58717287277894 -90.06257 63.47468 53.32
0.0348645196407392 0.384827694838169 9.87988127797887 -85.616 66.94826 52
0.0278819555693697 0.374737780490455 9.42674577325333 -90.25034 60.65312 53.55
0.0300195546440951 0.39035981307842 9.75361907861742 -85.47082 70.97925 52
0.0264797289647266 0.385439322499226 9.68874483051481 -85.57518 68.18432 52
0.0316851896181262 0.378676601911179 9.45503835558614 -85.7585 62.98558 52
0.0311178482058736 0.382531182617399 9.71619135905659 -85.69396 64.91203 52
0.0271125927489782 0.385344702501164 9.71698219124705 -85.57518 68.30019 52
0.0274863993997403 0.389877089450394 9.74635206663128 -85.51064 70.04245 52
0.0275919501884926 0.373327948528148 9.5638235722266 -90.20775 59.15546 53.32
0.0300566467726506 0.387543746231474 10.0299264485782 -83.69926 68.23968 51.71
0.029458124417896 0.373607744835776 9.94365676922186 -83.97019 60.66997 51.71
0.0286137537420176 0.371193209521453 9.67961917270663 -85.93185 57.93785 52
0.0343827633712344 0.379051249138391 9.67151829029705 -85.7585 63.37958 52
0.0305082634493512 0.373221333471579 9.6949866241723 -85.90368 58.93355 52
0.027267461550455 0.387129394660119 9.81893654062704 -85.616 67.45454 52
0.0305538014863626 0.394897127799424 9.88871658995227 -85.35749 74.35407 52
0.0266250666698562 0.370559555440908 9.76486056611993 -85.98164 56.55883 52
0.0266845055459653 0.383168689156746 9.85664368317147 -85.68154 65.77739 52
0.0268175826489177 0.364538150589135 9.78183005324093 -84.24545 52.06355 51.71
0.0266438976130721 0.371680660213917 9.72352495577787 -85.98164 56.69746 52
0.0276089314114245 0.392149869841655 9.81567519840261 -85.42203 72.92842 52
0.0563300389397581 0.375802338546779 9.76808258016236 -85.86286 60.60108 52
0.0561389067941201 0.37260747968937 9.89600940596832 -85.93185 58.47475 52
0.0274113269807022 0.379260892695452 9.65603607059722 -85.79932 62.64273 52
0.0270903193234792 0.388827890686982 9.7600671674778 -85.49822 71.09459 52
0.0307620064670872 0.396445451505454 9.80916768433315 -85.2885 76.40924 52
0.0333637511043235 0.373235963184789 9.59124558482157 -90.23692 59.06716 53.32
0.0379468022893884 0.386554654916918 9.81387082329497 -85.68054 66.16757 52
0.0364922173798549 0.386142033185687 9.85693734791741 -85.616 67.98268 52
0.10061164090196 0.367878000929739 9.75376135322894 -86.086 53.55471 52
0.0311893185546972 0.385036082515666 9.45776045276763 -85.64517 67.28628 52
0.0345913003330069 0.378916347456379 9.50688910790994 -85.7585 64.07852 52
0.0340897532594181 0.387096092714074 9.82148520587299 -85.57618 69.20537 52
0.0391023767256287 0.378735773974654 9.81141488425711 -85.79832 62.92538 52
0.0288971722034556 0.373582545331976 9.73277700488163 -85.93185 58.86692 52
0.0789189023134771 0.391446838432012 9.80732978150236 -85.51164 71.02725 52
0.0279660382346449 0.387747566512049 9.84804108230157 -85.57618 69.36749 52
0.026534806789917 0.388959061366604 9.92792179283471 -85.57518 69.4227 52
0.0300665480299971 0.387912111700739 9.97064383650448 -85.616 68.31924 52
0.0422341917964993 0.395871398200418 9.9324594681055 -85.38043 74.58697 52
0.0275355233739026 0.406039876410723 9.9437187415659 -85.06535 82.13223 52
0.0321082478811345 0.402796454830767 10.0569023437674 -85.12092 80.94678 52
0.0264357817779596 0.395243319734572 9.83425650018534 -85.45739 72.92831 52
0.0454854158574952 0.382382973331626 9.75158008319962 -85.7585 64.77973 52
0.0317395743011245 0.38145080984268 9.74193077301313 -85.7585 64.78039 52
0.0276673749522206 0.383787123026216 9.83760053375357 -85.68054 67.20523 52
0.030897256501108 0.375566966349973 9.95605754522942 -85.93285 59.8165 52
0.0281602153548523 0.406699018396235 9.98613626580958 -85.03576 83.23458 52
0.0341607652059369 0.388695342662629 9.69700841655678 -85.57618 70.15957 52
0.026441877690134 0.382476012764486 9.48539757387208 -85.70971 66.59599 52
0.0265212172908441 0.36777393714164 9.6393193537243 -86.087 54.9873 52
0.0392237337200675 0.376171021114833 9.70547006367164 -85.90368 60.93135 52
0.0331347195350206 0.386292210769635 9.75168056420428 -85.68054 67.44593 52
0.0294478030273042 0.387791826012342 9.64696342928141 -85.616 69.21336 52
0.0323258409212153 0.375732283508236 9.82623773250218 -85.96822 58.97126 52
0.0448990812563067 0.394505666613136 9.84607476069807 -85.39286 75.03511 52
0.0292888071503335 0.375687674646398 9.66567268756303 -85.93285 60.13543 52
0.0883827757412637 0.388181685209199 9.73514030574288 -85.68054 67.55682 52
0.0300446460767817 0.378398375030882 9.64337953043596 -85.86286 62.38923 52
0.0271028119685891 0.379907101040071 9.33311182278112 -85.86286 62.57226 52
0.0363506692417155 0.376219365874379 9.87273414214438 -85.96822 59.39161 52
0.0346902491873115 0.379774611254669 10.03387891736 -83.95777 63.54974 51.71
0.0263998030233365 0.403929071958633 9.95659729949489 -85.21053 79.79366 52
0.0296693305254461 0.392418564300742 9.77786780891182 -85.51064 72.5107 52
0.0300993286382814 0.356908363317349 9.68579003204951 -84.51739 44.71938 51.71
0.0319452151113749 0.373570174814499 9.5459288712947 -85.98164 59.18342 52
0.027201773458142 0.378734943980834 9.57763608220943 -85.86386 62.80813 52
0.0266212395251647 0.378825583219453 9.77350475329365 -85.86386 62.82384 52
0.0273194463330714 0.40451158077047 10.0082678380458 -85.10617 82.32739 52
0.027355141826742 0.396052602694682 9.79623948736303 -85.45739 73.99706 52
0.0403192363874325 0.383730533363919 9.86629667317875 -85.79832 64.8431 52
0.0346184196186382 0.377991555913807 9.82386748818035 -85.90368 61.72689 52
0.0926184935018281 0.36034245220389 9.76868172157756 -86.30915 47.93237 52
0.0396867435395665 0.387120427539116 9.81128430891747 -85.616 70.01758 52
0.0268517898363879 0.391050604181063 9.97151727959565 -85.52639 72.40129 52
0.0368219025659538 0.355794100921021 9.70379651531372 -84.54556 43.98668 51.71
0.0299845652049997 0.385930167148181 9.7804335334696 -85.68154 68.38305 52
0.0285328623795367 0.367917897623196 9.907382077791 -84.25888 54.88546 51.71
0.0274531309637476 0.39376958107233 9.94861657003612 -85.49822 73.38574 52
0.0338182145479335 0.388734869136614 9.77200811731576 -85.616 70.38624 52
0.0287388626392791 0.395412322634602 9.83860038388064 -85.49822 73.47142 52
0.0362823987951675 0.384380975029236 9.79204904987154 -85.7585 66.53012 52
0.0346080792434702 0.38242479828383 9.87062020167922 -85.79832 65.42656 52
0.169507772271216 0.366690858445041 9.57893550958462 -86.19136 52.96898 52
0.0275259589105353 0.3777866335855 9.71874942076454 -85.90368 62.34268 52
0.0312290499084511 0.387785748570729 9.74869085914344 -85.68154 68.69301 52
0.0280134338051986 0.340242480485595 9.49908261054212 -84.9386 23.27531 51.71
0.039198351566918 0.376695999267741 9.8460479406662 -85.90368 62.46118 52
0.0264271645298967 0.375915225216759 9.79323009478319 -85.90368 62.49734 52
0.0269524636864636 0.373730248217542 9.68212540659479 -85.98164 60.15292 52
0.0313480695862371 0.380528636669025 9.67365497342453 -85.79832 65.62618 52
0.027881223790669 0.371615467826822 9.72748488219732 -86.086 56.83502 52
0.0270176926365857 0.346403442844909 9.45510775995177 -84.80507 32.65572 51.71
0.159803867820426 0.381938216002635 9.8805891007721 -85.79932 65.71086 52
0.0297255790505191 0.389269882803935 9.76928099006585 -85.68054 69.03721 52
0.0364879121311041 0.40017304903614 9.80206029024335 -85.39386 76.415 52
0.0311131945874471 0.373621988420883 9.81804682348256 -86.02147 59.09075 52
0.0286551881917198 0.37872951464486 9.78866230547558 -85.93285 61.84474 52
0.0271240037130935 0.366942382556143 9.80197592884378 -86.15054 54.95495 52
0.0295484045544827 0.371953958747574 9.88726130099347 -86.086 57.14237 52
0.0292190904139735 0.409013943898147 9.93334731931531 -84.98839 85.81747 52
0.0318656593647784 0.392436485377517 9.67965869688661 -85.57618 71.95155 52
0.0383257405534611 0.383893408029525 9.84467571592687 -85.79932 65.95281 52
0.0288801645638909 0.393018135835245 9.6163438643512 -85.51164 73.66516 52
0.0318133463945885 0.37873317272584 9.78258378831786 -85.90368 62.94192 52
0.0599407352074783 0.389729512597773 9.91000489909577 -85.616 70.99607 52
0.0271816958220501 0.373755094727806 9.8074927673419 -86.087 57.26383 52
0.027572027844457 0.380355280039685 9.80554005510218 -85.90368 63.02016 52
0.0262764850762168 0.377328747912272 9.8537420229965 -85.90368 63.04132 52
0.0294854716486549 0.374241704992648 9.74586251346821 -86.02147 59.50408 52
0.0269403900177043 0.372544095443308 9.83329469702468 -86.07358 58.00556 52
0.0293831268477639 0.389176120261716 9.93085421037106 -85.7777 66.98045 52
0.0335786415411169 0.383484669115984 9.7830854011327 -85.7585 67.58821 52
0.0322388269149357 0.315308841603098 9.27305324643258 -83.705457 4.595424 51.52
0.0313538122917894 0.385147522220593 9.66530771150422 -85.79932 66.51822 52
