1 0.314096854578881 9.38596524545904 -72.000241 3.764231 52
1 0.390370253160479 9.82902886231981 -79.92697 72.00416 53.32
1 0.317017209752334 9.27959630794499 -76.799703 5.418779 52
1 0.291627290280196 9.06953179184467 -77.48188 4.135055 52
1 0.304062657761041 9.08270963924251 -76.135727 2.618242 51.71
1 0.310087559266075 9.24813187278266 -76.90406 3.14025 51.71
1 0.320388846364472 9.70599240228249 -77.677625 6.120611 51.71
1 0.38187618880288 9.74737189243284 -78.60288 65.61141 52
1 0.298468264551116 9.45547018150731 -76.356869 3.717582 51.52
1 0.391361309835032 9.87754509476208 -78.51327 70.02403 52
1 0.314980652786077 9.04892300026122 -78.253989 3.694318 51.71
1 0.319527979327409 9.26977597795627 -76.982024 5.078111 51.52
1 0.307830173755701 9.14981315416166 -78.525923 2.671566 51.71
1 0.307435484614716 9.37464078743293 -77.27316 2.743105 51.52
1 0.298697662615121 9.15472815414582 -77.32673 3.4402 51.52
1 0.381213117088489 9.56221377375504 -84.54656 64.35226 53.55
1 0.314603538536396 9.34734336938216 -77.59721 3.525782 51.52
1 0.35401045458549 9.57681539229841 -80.66171 40.52285 52
1 0.382435947943025 9.81677030885367 -79.91222 65.82288 52
1 0.315187876341837 9.17062044262123 -79.155857 3.585733 51.71
1 0.382678342123892 9.8909882028921 -80.21232 64.25098 52
1 0.376933643314612 9.82978549024704 -80.31768 62.23448 52
1 0.316822471186814 9.31964889330474 -77.966307 4.657683 51.52
1 0.392012852870243 9.93837399932731 -80.09554 70.56887 52
1 0.310120192050809 9.33546003637593 -78.098838 2.713693 51.52
1 0.381883743577171 9.67219024007844 -80.56554 64.2542 52
1 0.379399237877057 9.71972765920808 -85.22528 62.94269 53.32
1 0.318930821043437 9.46560846537316 -78.308559 5.698348 51.52
1 0.388763465412202 9.81562920965844 -80.55212 69.44461 52
1 0.387588010492522 9.75409250210741 -80.61879 68.07906 52
1 0.381881443460888 9.80080294817769 -80.92122 64.35727 52
1 0.383477167590986 9.93609969710801 -81.039 65.81441 52
1 0.388948443153943 9.98995332248761 -80.97001 68.88134 52
1 0.387016358879044 9.791461854696 -81.07537 67.59828 52
1 0.381063584497671 9.7924640908012 -81.25769 63.55143 52
1 0.395858571525316 9.94944940347356 -80.89305 73.79694 52
1 0.377305580596911 9.69734936477535 -81.36305 62.03236 52
1 0.381811094419066 9.9050850482044 -81.48083 64.92707 52
1 0.390421857990216 10.0625253758324 -77.82791 70.11681 51.52
1 0.323501133267073 9.59110377685286 -82.686807 7.921479 52
1 0.38196956149487 9.79611583082083 -81.58619 65.06606 52
1 0.379163148704219 9.7380196646237 -81.73315 62.60341 52
1 0.395511478792936 9.95783061322474 -81.48083 73.62631 52
1 0.392244084548868 9.81667361922991 -81.8873 72.88175 52
1 0.371268498757443 9.7848277956136 -82.57945 56.81337 52
1 0.377871385351675 9.7863475570395 -86.88351 62.80502 53.32
1 0.317770388686017 9.06619586600194 -83.631269 4.435162 52
1 0.373512914953758 9.80403696459448 -82.80259 58.05297 52
1 0.321785182746001 9.31519194425107 -83.839989 7.779408 52
1 0.378062316066812 9.89537778272197 -83.09027 61.55026 52
1 0.370621178572267 9.83165190663217 -83.27259 56.29041 52
1 0.309866375466244 9.13906893905159 -82.322617 2.964765 51.71
1 0.385830081537841 10.5873939607629 -83.27937 66.11367 52
1 0.392969403866495 9.71601621106808 -83.09027 73.89671 52
1 0.379710661700929 9.73592420329805 -83.56128 63.90696 52
1 0.373336519761135 9.48673437125002 -83.7638 58.49611 52
1 0.38505934700669 10.2734023278852 -83.49674 66.65096 52
1 0.395143399484157 9.80413524343467 -83.27359 73.20599 52
1 0.339040736129166 9.92297156404109 -82.7548 22.04158 51.71
1 0.387614151988566 10.5802569215635 -83.5777 67.80144 52
1 0.319043986119851 9.28867097282723 -82.973489 6.049689 51.71
1 0.385815202936275 9.85421335387538 -83.67906 68.24218 52
1 0.404181010444466 10.0272129439275 -83.24888 80.10135 52
1 0.380997576687882 9.85618627046426 -83.9012 64.82686 52
1 0.385152704677302 9.86572548004087 -83.88878 66.37979 52
1 0.387015239383523 9.8061140863641 -83.9022 67.77841 52
1 0.384979067110985 9.76863002187086 -84.00756 67.24122 52
1 0.336436733710535 9.3666313198065 -83.27459 19.75128 51.71
1 0.389492557103218 9.69867985444416 -84.00756 70.94648 52
1 0.38535668510887 9.95302458759472 -84.20463 66.29221 52
1 0.389064117999229 9.80898324390836 -84.11192 69.31181 52
1 0.368075386189062 9.87690638765514 -84.63517 54.23326 52
1 0.385716864974531 9.62016396988142 -84.18988 67.99443 52
1 0.378152908039745 9.75460669578504 -84.3996 62.10107 52
1 0.38396389915723 9.93211977727178 -84.29424 65.22284 52
1 0.383976259566201 9.69492439614632 -84.34749 65.01496 52
1 0.387876942727278 9.87138834806235 -84.12535 71.69201 52
1 0.404249748440274 9.99311856655946 -83.73563 81.0622 52
1 0.386930540918382 9.78169300287623 -84.35878 67.19932 52
1 0.363351068915185 9.6783940743394 -84.92285 49.58236 52
1 0.386832389820155 9.61375823552752 -84.37221 67.97917 52
1 0.381397797163562 9.68077000308846 -84.58293 65.3212 52
1 0.390338206653144 9.89626998414428 -84.48102 68.45836 52
1 0.365614797798019 9.64871442420804 -84.99981 52.90508 52
1 0.374579854080882 9.87377839274417 -84.87061 57.35794 52
1 0.376264767445754 9.66616522453665 -84.76525 61.6453 52
1 0.374034904352958 9.87598594842113 -84.88303 60.32902 52
1 0.377812988538528 9.406088391283 -84.83424 61.83158 52
1 0.38902324147156 9.76127257251465 -84.63517 68.20294 52
1 0.373283846806076 9.83564513366773 -84.95102 59.21363 52
1 0.368668506924493 9.78824956059414 -85.06535 55.90056 52
1 0.376871037036773 9.54471843486834 -84.98739 62.10668 52
1 0.386885754484381 9.75057141870685 -84.76525 68.4189 52
1 0.391844315655358 9.74858563338048 -84.70071 70.2607 52
1 0.379034762001759 9.64576920737146 -84.98839 62.3156 52
1 0.380390506709846 9.81772319124469 -84.98739 62.72337 52
1 0.373579153513978 9.64998645181217 -85.16971 58.82448 52
1 0.379738891842613 9.91213239106915 -83.15926 62.47384 51.71
1 0.385567020162861 9.83267623912281 -84.92285 66.3305 52
1 0.389454638398513 9.79044996299832 -84.81749 69.22204 52
1 0.380262587851913 9.75438046374142 -85.00081 64.59727 52
1 0.388048875578213 9.76982073599822 -84.88203 69.02817 52
1 0.386923249085539 9.82742495486576 -84.88303 69.31702 52
1 0.389497826918825 9.8252110861434 -84.89778 69.1146 52
1 0.368273442545501 9.75627481790323 -85.39286 54.41299 52
1 0.391402771498658 9.83026364662666 -84.80507 72.022 52
1 0.38731426676442 9.66931563841132 -84.95102 68.54311 52
1 0.35245285906295 9.62574835402012 -83.95777 39.2144 51.71
1 0.378646473499565 9.71040640651535 -85.21053 62.24709 52
1 0.387385553819798 9.73840567202235 -84.98739 69.01535 52
1 0.382467162717837 9.87342003864126 -85.10617 65.9525 52
1 0.364026583596203 9.61758725043355 -85.616 49.60469 52
1 0.378989753557115 9.81100992005888 -85.23971 62.88806 52
1 0.373588436654394 9.7499566544286 -85.42103 58.70076 52
1 0.372397742352316 9.82311573413438 -85.46185 57.96815 52
1 0.379900867442853 9.66589427678675 -85.27507 64.32252 52
1 0.38696996860306 9.91500978319782 -85.16971 67.58505 52
1 0.376175437410268 9.60668844457775 -85.39386 61.5703 52
1 0.389621728609515 9.88685228617793 -85.10517 70.07493 52
1 0.384188627232481 9.788554792869 -85.17071 68.32578 52
1 0.385518919602652 9.60375106047779 -85.12989 69.79645 52
1 0.381798232355873 9.86330483951067 -85.35303 63.76003 52
1 0.375013066362862 9.80922243382113 -85.4584 60.72785 52
1 0.319181049658259 9.2567439288137 -83.183209 5.535396 51.52
1 0.318850759152315 9.17708773952268 -83.188436 5.732399 51.52
1 0.385850493808269 9.69952817994315 -85.27507 67.34776 52
1 0.393817510058072 9.84663728125066 -85.08556 72.63093 52
1 0.388446181656358 9.84493339478025 -85.17071 70.5967 52
1 0.355026590983271 9.71997358932369 -84.14109 42.93228 51.71
1 0.393625356094607 9.83533237922261 -85.10517 72.60118 52
1 0.363902568523276 9.78117376449723 -85.86386 49.56343 52
1 0.384098402374389 9.92973397857483 -85.39286 65.35475 52
1 0.377151452520201 9.80322625494788 -85.47082 63.14871 52
1 0.42454901281561 10.3006839771775 -83.2248 110.7629 52
1 0.336327838618271 9.19106918739393 -84.58193 18.74774 51.71
1 0.384916479354278 9.72939878897075 -85.2885 68.57668 52
1 0.317532512960999 9.12759274854714 -83.264625 4.655929 51.52
1 0.350806332269097 9.5801449095752 -84.32442 36.69836 51.71
1 0.399377496612056 9.97049456208457 -84.98739 76.5865 52
1 0.386285607605855 9.7622672023144 -85.39286 66.26378 52
1 0.383106054672047 9.80992405548048 -85.39386 66.51591 52
1 0.38638669176672 9.716006920825 -85.38043 66.99051 52
1 0.330004950422884 9.85053954371224 -83.26462 13.74204 51.52
1 0.388837533995383 9.72842915177959 -85.2885 69.99112 52
1 0.372923464801352 9.64090281865186 -85.64517 59.85427 52
1 0.385267016934578 9.84728689711349 -85.39386 68.37391 52
1 0.342848489544922 9.45251304206742 -86.42693 28.31964 52
1 0.389645745398882 9.82013685695522 -85.27507 71.65452 52
1 0.398054823490285 9.99265664499934 -85.17071 74.58628 52
1 0.381297247516298 9.69665782167434 -85.63175 63.94687 52
1 0.391643595774101 9.71738483439085 -85.39286 71.02155 52
1 0.375925560253304 9.75269835456451 -85.74953 61.03235 52
1 0.376668987593271 9.92474998545883 -85.74953 61.34536 52
1 0.391689853375988 9.7934624082465 -85.4086 70.98697 52
1 0.37717591728532 10.1006744651523 -83.83999 62.7697 51.71
1 0.38237101551746 9.62882775509898 -85.57618 67.04492 52
1 0.381235454868392 9.40410354136772 -85.70971 63.52968 52
1 0.377411480134184 9.78113934905145 -85.7859 61.62842 52
1 0.395164912469538 9.93094376678626 -85.34407 73.88406 52
1 0.393747258362513 9.78204292132556 -85.39386 72.75828 52
1 0.387434247990791 9.8846068806967 -85.52639 69.28451 52
1 0.389877089450394 9.74635206663128 -85.51064 70.04245 52
1 0.373221333471579 9.6949866241723 -85.90368 58.93355 52
1 0.373235963184789 9.59124558482157 -90.23692 59.06716 53.32
1 0.386554654916918 9.81387082329497 -85.68054 66.16757 52
1 0.385036082515666 9.45776045276763 -85.64517 67.28628 52
1 0.373582545331976 9.73277700488163 -85.93185 58.86692 52
1 0.387747566512049 9.84804108230157 -85.57618 69.36749 52
1 0.395871398200418 9.9324594681055 -85.38043 74.58697 52
1 0.387791826012342 9.64696342928141 -85.616 69.21336 52
1 0.376219365874379 9.87273414214438 -85.96822 59.39161 52
1 0.379774611254669 10.03387891736 -83.95777 63.54974 51.71
1 0.403929071958633 9.95659729949489 -85.21053 79.79366 52
1 0.36034245220389 9.76868172157756 -86.30915 47.93237 52
1 0.367917897623196 9.907382077791 -84.25888 54.88546 51.71
1 0.39376958107233 9.94861657003612 -85.49822 73.38574 52
1 0.380528636669025 9.67365497342453 -85.79832 65.62618 52
1 0.373621988420883 9.81804682348256 -86.02147 59.09075 52
1 0.366942382556143 9.80197592884378 -86.15054 54.95495 52
1 0.371953958747574 9.88726130099347 -86.086 57.14237 52
1 0.409013943898147 9.93334731931531 -84.98839 85.81747 52
1 0.389729512597773 9.91000489909577 -85.616 70.99607 52
1 0.373755094727806 9.8074927673419 -86.087 57.26383 52
1 0.389176120261716 9.93085421037106 -85.7777 66.98045 52
1 0.385147522220593 9.66530771150422 -85.79932 66.51822 52
1 0.390332919882259 9.69133863956253 -85.57618 72.65082 52
1 0.389839848898654 9.94285590935222 -85.616 71.64245 52
1 0.378851074327023 9.91948528365395 -85.98164 61.60112 52
1 0.392134082864456 9.8792221587741 -85.64517 71.23081 52
1 0.293552385287499 9.05500501065463 -80.91225 4.1899 51.191
1 0.388424027636852 9.58324736542804 -85.68154 71.06685 52
1 0.382581370302414 9.77768410042579 -85.86386 66.25159 52
1 0.380487922971682 9.69076515014075 -85.98164 62.99323 52
1 0.378357591482169 9.77444812471525 -86.04618 62.74579 52
1 0.386196656063477 10.2872765001979 -84.00756 67.76677 51.71
1 0.409224158884428 9.87428311046036 -85.06535 88.00627 52
1 0.375566084395483 9.69644301810091 -86.086 62.89091 52
1 0.373955479601105 9.52447579101059 -86.20479 59.71969 52
1 0.382532153458038 9.74569562397208 -85.98164 66.69376 52
1 0.388298715083323 9.70074417617828 -85.90368 68.93646 52
1 0.384469786234256 9.78701192542039 -85.98164 67.24584 52
1 0.367268504941142 9.4950168455719 -86.49147 51.30163 52
1 0.378843697358574 9.74206236646362 -86.18417 61.95612 52
1 0.367291143592835 9.99427430103481 -84.59535 53.30484 51.71
1 0.378932974177322 9.8389848634483 -86.19136 62.20537 52
1 0.382797846740311 9.82111290557607 -86.087 65.60452 52
1 0.384822767780693 9.82252194543285 -86.04618 66.85976 52
1 0.294644394759891 9.03211504610299 -81.23197 3.25345 51.191
1 0.376092583273247 9.43570269842081 -86.33732 61.04324 52
1 0.386159599281631 9.73879679568509 -86.087 68.3883 52
1 0.300375083471008 9.06341788558947 -81.248721 3.352618 51.191
1 0.398496835784828 9.9659107327773 -85.7859 76.50041 52
1 0.400616795468105 9.90229793600051 -85.7777 77.17297 52
1 0.360778329762909 9.76460041566532 -86.74278 48.35313 52
1 0.380254304849456 9.80692535260004 -86.37369 61.98088 52
1 0.379634573434039 9.27077500068779 -86.2975 64.26423 52
1 0.386766519788335 9.90411503020352 -86.16397 68.13312 52
1 0.391954951943045 9.83350364775811 -85.98164 73.09007 52
1 0.310702581409521 9.34133234411547 -81.338333 2.559168 51.191
1 0.38283321767736 9.81186396617944 -86.26933 65.77864 52
1 0.404807718789571 9.88558294479418 -85.57618 83.43542 52
1 0.398392441719076 9.95270064399505 -85.86731 76.90551 52
1 0.372199308423596 9.89204956887869 -86.56046 57.76054 52
1 0.315351102436468 9.13100551425456 -81.368505 3.973132 51.191
1 0.379191831756673 9.4785071575948 -86.45165 61.60504 52
1 0.315025044802394 9.17899292606817 -81.39145 3.619011 51.191
1 0.311963693539431 9.09103188086207 -81.403872 3.163264 51.191
1 0.386007937630428 9.98189028645076 -84.36324 68.71905 51.71
1 0.38697174474059 9.72440766904843 -86.26833 67.66406 52
1 0.372863762525062 9.74693229084683 -86.55701 59.11645 52
1 0.379374769130325 9.71748580358618 -86.47905 62.2241 52
1 0.353841524389638 10.1782979136416 -87.01904 42.8766 52
1 0.372584346419137 9.78562730943709 -86.61025 58.72824 52
1 0.378972749358449 9.8453043412254 -86.49247 62.54703 52
1 0.377321935860389 9.30468549177063 -86.52064 61.89112 52
1 0.392501785633083 9.87077994251812 -86.086 74.05169 52
1 0.394689370858005 9.79354824617678 -86.086 74.38524 52
1 0.36136236840019 9.83917842235872 -86.89793 49.71539 52
1 0.369018936782836 9.59817772172849 -86.78015 54.24753 52
1 0.372472521842872 9.57264522162435 -86.67479 57.87804 52
1 0.382012425151405 9.80397547426129 -86.38711 66.67355 52
1 0.405780762036618 9.94052183317615 -85.79932 81.59893 52
1 0.389046977280791 9.92489557379612 -84.47657 68.03381 51.71
1 0.349625351905555 9.70850496038036 -87.24219 35.23175 52
1 0.383600451818635 9.88482323041758 -86.42693 65.95053 52
1 0.38994778285767 9.88792417316244 -86.26933 70.51247 52
1 0.351619559826604 9.58146493255369 -85.34407 39.1303 51.71
1 0.385638569585998 9.59298865832863 -86.33832 69.42313 52
1 0.373897678749269 9.72145731945061 -86.67479 59.99867 52
1 0.382232308267879 9.26863305282063 -86.52064 64.81732 52
1 0.39135867384099 10.6368314938224 -84.43743 71.21815 51.71
1 0.387470324890617 9.69663042728194 -86.38711 68.94712 52
1 0.397007335568649 9.73442134160674 -90.50885 75.61925 53.32
1 0.385885921982141 9.76934015079675 -90.79653 68.20806 53.32
1 0.350472077580847 9.40749553285408 -85.52739 37.4276 51.71
1 0.369801928276525 9.50240583892679 -86.89793 56.86226 52
1 0.379504114288075 9.5056976915431 -90.97886 64.39306 53.32
1 0.398726026900272 9.97873194679595 -84.41203 75.96245 51.71
1 0.403169256365335 9.88662482254621 -86.05064 81.7119 52
1 0.384492590021026 9.3178947622436 -91.05682 66.61351 53.55
1 0.374944854804156 9.67929366409983 -86.89793 60.45577 52
1 0.405408888395491 9.9088071059433 -86.087 82.47053 52
1 0.376669229403003 9.8896418794597 -86.91268 61.33385 52
1 0.316643174244358 9.30596954565322 -81.894079 4.599016 51.191
1 0.37011257074733 9.60718179169522 -87.08026 57.1143 52
1 0.403032192377437 9.96491331162795 -86.26933 79.71732 52
1 0.356123878826173 9.74559141904764 -85.616 44.27959 51.71
1 0.383883095634622 9.63310009054897 -86.78015 67.3053 52
1 0.3764326020038 9.55687847101011 -87.00229 60.82104 52
1 0.381408069994673 9.75813205007427 -91.15221 64.63904 53.32
1 0.378469206179075 9.76927554845791 -87.00229 61.96883 52
1 0.407601292901643 9.93744857124911 -85.98164 87.74833 52
1 0.378890024992132 9.71453697053927 -86.96247 63.40952 52
1 0.308535764118488 9.11565423424951 -80.324462 2.461523 51.02
1 0.374843447105946 9.62925712885445 -87.06783 60.58711 52
1 0.318754195729787 9.52569437138445 -82.011862 4.984948 51.191
1 0.381692994389845 9.90444896103887 -86.89793 66.11666 52
1 0.390610203017519 9.92784323425754 -84.90223 70.33451 51.71
1 0.349742053916439 10.3279898164325 -87.67682 38.29418 52
1 0.393903304785026 9.82243617966756 -86.59683 74.78322 52
1 0.371395017093432 9.74914063010487 -87.18562 57.98879 52
1 0.36224145653578 10.5944894908517 -84.17991 49.58736 51.52
1 0.338916106282592 9.40920313712712 -87.93533 22.4884 52
1 0.387923193524316 9.71772109561759 -86.77915 70.39498 52
1 0.392367308780225 10.8635248859514 -83.47334 71.68221 51.52
1 0.401277490854471 9.90003005901361 -86.49147 78.25588 52
1 0.375419658962809 9.704817950336 -87.17219 60.47157 52
1 0.389903232845827 9.6518240840082 -86.88451 69.077 52
1 0.374010386007719 9.77656214294501 -87.18462 60.35119 52
1 0.385708842103126 9.68950546949462 -91.16118 69.13275 53.32
1 0.390958522371953 9.74507471040738 -86.78015 72.15066 52
1 0.375426103701751 9.54082638369886 -87.21379 59.73714 52
1 0.346647102698763 9.63594904668301 -87.90616 31.4296 52
1 0.378024289922554 9.81142385245678 -87.18562 61.34404 52
1 0.388722146347433 9.85909079191835 -86.88451 70.37742 52
1 0.409357777781285 9.97402243115466 -86.20479 87.17507 52
1 0.320372775360756 9.36471330557519 -82.188957 6.361057 51.191
1 0.303771553933332 9.60722659299805 -82.200379 1.752135 51.191
1 0.311454484952959 9.19634929918275 -82.214803 2.565112 51.191
1 0.39417930377104 9.86235037498493 -86.78015 74.3651 52
1 0.33856823817388 9.38472251331638 -88.10191 22.16769 52
1 0.369874919962707 9.74171081789313 -87.35451 58.24058 52
1 0.317044005217272 9.30678802337369 -82.231551 4.473435 51.191
1 0.392402846714044 9.76427862873492 -86.78015 74.82357 52
1 0.371143734979662 9.56483392045084 -91.672 56.71313 53.32
1 0.398514892352771 9.83263112406455 -86.71461 76.97475 52
1 0.381797348027184 9.87721080679881 -87.18562 64.38027 52
1 0.370042418037362 9.72361609992577 -85.60435 56.3831 51.71
1 0.386769414144067 9.76857963260214 -85.24767 67.49101 51.71
1 0.386103190826865 9.49026659975569 -91.3435 68.17035 53.32
1 0.371628571608107 9.74476578003216 -87.43693 57.36987 52
1 0.386908494280523 9.82336266833723 -87.12008 67.2492 52
1 0.367228019741268 9.70872503714677 -87.59108 52.47921 52
1 0.301767742210155 9.1274912226701 -82.319163 2.726774 51.191
1 0.411041078051696 9.98639080660168 -86.37469 86.49425 52
1 0.385675815920815 9.54339452138819 -87.14479 67.74605 52
1 0.370506651584713 9.50419206164232 -91.78979 55.39474 53.32
1 0.390680258189877 9.67535383764514 -87.00229 72.25456 52
1 0.374880015688091 9.33879622915966 -91.70017 59.21698 53.32
1 0.374067354369901 9.7743750534027 -87.4723 59.04047 52
1 0.316849155318549 9.32150974562687 -82.387155 4.857141 51.191
1 0.310763446540826 9.15010224965673 -82.403904 3.536733 51.191
1 0.39738946413279 9.80650583994426 -91.202 75.31278 53.32
1 0.385384707729635 9.68247690979828 -87.18562 68.62964 52
1 0.330325803500243 9.38585823244898 -88.37617 12.55848 52
1 0.337390466560589 9.8671101866866 -88.30443 21.44986 52
1 0.397429930535292 9.8394503772479 -86.89793 76.49534 52
1 0.370204359077646 9.64958581162028 -87.59108 56.71075 52
1 0.372210631124268 9.76077905102743 -87.57766 58.49763 52
1 0.371893164311398 9.89190567904339 -91.84536 57.60203 53.32
1 0.315648309979689 9.58018425174328 -82.479093 3.841025 51.191
1 0.315789453923293 9.48406164091795 -80.834287 4.253312 51.02
1 0.330976025235254 9.86298639659682 -86.627 14.93 51.71
1 0.397382509119541 10.0671694624935 -87.00229 75.84268 52
1 0.386237866708377 10.4361699883284 -84.12912 65.95264 51.52
1 0.310870970634493 9.05848033663089 -82.52169 2.80256 51.191
1 0.374124611923016 9.72950070265186 -87.59008 59.77519 52
1 0.369708303616509 9.63431254210215 -87.72461 55.42159 52
1 0.393392213366305 9.67768297800192 -87.06783 74.71446 52
1 0.371270802814041 9.7022692105838 -85.82749 57.64183 51.71
1 0.397809335892926 9.80498485091006 -87.00229 76.72848 52
1 0.402233243373481 9.88062146166834 -86.78015 82.03634 52
1 0.310891426003831 9.73792284159259 -82.569477 4.466755 51.191
1 0.356569598242867 10.3723351556745 -84.87306 42.9667 51.52
1 0.391692699914078 9.65745870124867 -87.25015 71.56159 52
1 0.389988533257374 9.77448062561147 -87.3024 70.2625 52
1 0.37959503074989 9.67590193212347 -87.59108 62.40375 52
1 0.337171927566143 9.60810865552729 -86.68977 20.11146 51.71
1 0.292512004593048 9.40119053060646 -82.63502 4.94821 51.191
1 0.297382003479721 9.1238357358619 -80.988438 2.669213 51.02
1 0.375428610067284 9.74884169011462 -87.69544 59.8069 52
1 0.382349097748783 9.81675130066858 -87.59108 63.44956 52
1 0.403682443751301 9.96358447259609 -87.00229 79.37372 52
1 0.374523683189271 9.55950072521 -87.72461 59.63221 52
1 0.377106445372145 9.55174083278171 -87.65562 61.983 52
1 0.382286113718549 10.041037858673 -85.7777 63.37107 51.71
1 0.376240996290407 9.86014570902837 -85.86731 60.80171 51.71
1 0.330497358471322 9.68954320059263 -88.6419 14.84998 52
1 0.407644318627291 9.91402159756924 -86.78015 86.00369 52
1 0.374858231705775 9.85429999069386 -87.75998 60.53467 52
1 0.393657893419527 9.88029044836244 -87.36794 72.04534 52
1 0.337603233298445 9.81445943610504 -86.81032 20.49166 51.71
1 0.343457773817428 9.58152067861208 -88.56294 26.49647 52
1 0.401136903504967 9.9157288845559 -87.18462 77.56908 52
1 0.301822302183857 9.04992224794727 -81.17076 2.793347 51.02
1 0.38580850322191 9.86666155526974 -85.79832 67.14058 51.71
1 0.381391210124449 9.68721184683341 -87.75998 63.90545 52
1 0.385598161810524 9.8190924376838 -87.59108 68.98661 52
1 0.308011746898065 9.06204957438374 -81.22055 2.46437 51.02
1 0.312628334733175 9.41187692946837 -81.236299 2.897034 51.02
1 0.402444371540315 9.95020236869302 -87.21379 79.54274 52
1 0.331218742643058 9.18295628561439 -87.0043 13.74859 51.71
1 0.390145591279595 9.8619340541836 -87.57766 70.53883 52
1 0.317148774190317 9.13009780752946 -82.90895 4.901182 51.191
1 0.344128949027943 9.69870924215819 -88.69647 27.56235 52
1 0.338287199486083 9.67136325724601 -88.8108 21.80982 52
1 0.315810045525238 9.00574594972728 -81.325911 4.741073 51.02
1 0.370285768195215 10.1616037976199 -88.10191 57.25569 52
1 0.315937580750984 9.43268084857867 -81.355082 3.697736 51.02
1 0.363528770499678 9.53134974708183 -88.28323 51.51581 52
1 0.311470613142899 9.06554852874758 -83.01231 3.176191 51.191
1 0.350199729832928 10.0278753537913 -86.78115 38.10723 51.71
1 0.332037586050608 9.54203739580445 -87.10866 14.88429 51.71
1 0.304830800993839 9.14844208859957 -81.378155 3.495472 51.02
1 0.311411919095178 9.35886293504465 -81.393903 2.806476 51.02
1 0.382667173065381 9.7813609063126 -91.18858 65.37926 54.31
0.398018669318942 0.314701389329251 9.02360811925063 -81.404873 3.226368 51.02
0.4272897326111 0.368849951770177 9.73401479701933 -86.37469 55.98046 51.71
0.440876886934345 0.392981480138412 9.93601296433355 -87.65462 72.37995 52
0.437829808726816 0.406657463751306 10.8279616369347 -83.88978 85.05605 51.52
0.509315331327954 0.380999168116982 9.86972187408649 -86.155 63.95656 51.71
0.43724840588385 0.349029606717784 9.73365028370343 -88.73052 34.95803 52
0.417584258558715 0.39527823871824 9.95554532983698 -87.67482 73.17001 52
0.439627459227422 0.31921191430406 9.42903336279632 -81.509233 7.800651 51.02
0.460500302147895 0.30443492741432 9.051848548915 -81.52743 3.11739 51.02
0.402046893111507 0.386590833744736 9.70211043703938 -87.87876 69.79805 52
0.408008086964795 0.375033581388151 9.54313468969133 -92.41839 60.25427 53.32
0.469914253067917 0.295186609149063 9.34882907859805 -81.56457 3.89259 51.02
0.491624123997161 0.380813411990944 9.93273590062649 -86.26933 64.32683 51.71
0.445605303928701 0.413046930249906 9.97462475484861 -86.89793 93.6918 52
0.481934606610201 0.369191315805016 9.5863684402212 -88.34877 56.96115 52
0.403539488361551 0.32875521040396 9.60682745851907 -87.35997 12.29972 51.71
0.396162438285004 0.337181438336964 9.2293177216461 -89.11191 19.16493 52
0.401714701996945 0.308271846958341 9.36815438950351 -81.627016 2.751648 51.02
0.543505515372274 0.312696605744375 9.32739538500169 -81.626015 3.434647 51.02
0.406385047774904 0.344201065168634 9.87307154926411 -89.0172 28.33387 52
0.392040785575458 0.315001578085946 9.01160598085215 -81.641764 4.088468 51.02
0.508392035008193 0.366747092697754 9.61105749163175 -88.46655 54.66088 52
0.404088981354435 0.32985635262924 9.52762966866898 -87.40976 12.5964 51.71
0.557484951003625 0.377380215260492 9.81636759241625 -88.28423 61.37473 52
0.630494923816639 0.356727606566207 9.70634228726441 -88.74526 44.92486 52
0.57567183309235 0.307317492897835 9.35434091763027 -81.70643 2.883308 51.02
0.404719006965027 0.33735887852073 9.60984459737248 -87.39534 20.0182 51.71
0.396513175557041 0.310958321778464 9.26104049339261 -81.749578 3.123821 51.02
0.386212038015622 0.302445528260647 9.23048598807284 -81.773294 2.531762 51.02
0.189349547896802 0.289513617814831 9.41453671109168 -83.417775 5.460788 51.191
0.199681960695398 0.409574267971431 10.3138547152859 -87.47775 85.2179 52
0.218791233232098 0.384540249333425 10.0136750403972 -86.44268 65.52747 51.71
0.179954010375614 0.392274339862933 9.80829715914155 -88.06109 71.84646 52
0.208519404311019 0.364959009033624 9.8860659838945 -86.89793 51.99151 51.71
0.217116338156111 0.371294773991453 9.66539610167577 -88.57191 56.95066 52
0.162381331448284 0.330290912381907 9.32667993999678 -87.57866 12.3312 51.71
0.271948543572647 0.306220608336749 9.10405975783061 -81.864907 2.722779 51.02
0.18216804749755 0.313391456946904 9.12377573788576 -81.864907 3.423484 51.02
0.161595641856747 0.35916496100152 9.8126295562217 -88.85062 47.72644 52
0.160302846775611 0.30847566226098 9.03247179616196 -81.894079 2.176761 51.02
0.191342850084703 0.34243650035679 9.79647626218804 -86.10721 26.08833 51.52
0.158263540576443 0.321536210922186 9.47105634097697 -81.914698 6.636969 51.02
0.159143525727712 0.386625180408651 10.2705683927879 -82.33836 66.61311 51.191
0.250827647785469 0.36258066453973 9.63240467632135 -88.85859 49.62543 52
0.169032493835921 0.314513369821333 9.37696354875589 -81.948648 4.344728 51.02
0.174107520152678 0.386425266291411 9.73248273504069 -88.35322 67.00974 52
0.206494372630061 0.38019837433038 9.8051967033555 -88.42941 65.03079 52
0.19523996593204 0.377842391593783 10.2984811797464 -88.59211 60.04288 52
0.225884006288925 0.341304122149124 9.74057948271428 -87.57966 24.3485 51.71
0.170056197413389 0.342855971325351 9.90434513103435 -87.51412 29.51464 51.71
0.170030984397178 0.309872254982481 9.07483085282519 -81.99366 2.692228 51.02
0.255759920934376 0.385940708425236 10.1447927552481 -82.42452 66.16825 51.191
0.156638218394633 0.338071605698281 9.70365177296425 -87.6319 21.33454 51.71
0.257933499426372 0.367626727650912 9.79258896402011 -88.77343 55.00678 52
0.166474586981757 0.341961586953804 9.18681104722713 -89.37387 26.32358 52
0.16554377499051 0.374890333178999 9.59264935709452 -88.57191 61.99073 52
0.305374112976703 0.347220381912686 9.5477680403249 -89.28526 33.22503 52
0.180830609613129 0.334921464653194 9.66655282638407 -87.69744 19.3182 51.71
0.232755335318303 0.372833963396771 9.69851878036631 -88.67627 59.65772 52
0.175315034860529 0.365603084299777 9.77010982797739 -87.06683 53.11774 51.71
0.218777108752173 0.314994512855114 9.07672199158329 -82.061652 5.069188 51.02
0.187629285601494 0.328164283920874 9.22369933132486 -87.8018 11.0431 51.71
0.19227817385844 0.37947086822749 9.87808260167462 -86.77915 63.69803 51.71
0.175184265252912 0.379676550461664 9.83378776109784 -86.77915 63.99503 51.71
0.230343052377155 0.311977793920828 9.18200219199412 -82.13684 2.88762 51.02
0.237483391909967 0.355291594243608 9.79397770552487 -89.21627 42.47011 52
0.175659466840994 0.354157278548845 9.62006258048868 -89.25609 40.96014 52
0.187187042662972 0.396294762543061 9.83314013118927 -88.24341 74.92707 52
0.162093553628716 0.36044681866851 9.73757954000334 -87.31815 47.17122 51.71
0.259171271554369 0.32338105129202 9.75400349511573 -83.77445 7.775602 51.191
0.157924498151382 0.340232905219932 9.38276031226137 -87.76543 24.09671 51.71
0.205799252753319 0.352899176529671 9.61311193290687 -89.26951 41.45247 52
0.193890726685953 0.408351360219896 9.898788791665 -87.75998 86.98194 52
0.276088336526961 0.315102138188009 9.15181425190342 -83.824241 4.036138 51.191
0.18551320555767 0.357080574764276 9.98555804404226 -89.21972 44.81241 52
0.159935383848148 0.38858510176499 10.1064785119087 -82.52069 69.12669 51.191
0.156294360117568 0.33875456263791 9.31127975219085 -89.62173 21.50147 52
0.16811309204781 0.353415816369858 9.79137218083884 -89.32063 40.89298 52
0.168290416083479 0.315874506243796 9.441044568979 -82.220582 5.109039 51.02
0.158357557661264 0.30343125243612 9.5195481240944 -82.22955 1.78474 51.02
0.223654066289244 0.341090855236214 10.1393273547834 -87.8018 25.90418 51.71
0.160659297811388 0.376439386759048 9.85662141069727 -88.79405 61.60517 52
0.15739251285921 0.374554758450348 10.2011196922794 -88.8108 61.16382 52
0.162782198365856 0.355924391698444 10.417147626352 -86.11618 43.82007 51.52
0.294648478295116 0.325742018108759 9.71060103997748 -82.230551 9.798502 51.02
0.166979596732889 0.384324914455307 9.88077836637708 -88.67627 66.04924 52
0.302158928484631 0.3091731166839 9.37674318186257 -82.269372 2.705806 51.02
0.163681218755834 0.312559172218878 9.46182030217452 -82.270372 3.111789 51.02
0.219391901778709 0.345956420555462 9.59915152498839 -89.55619 30.87138 52
0.196021724386492 0.316346881588211 9.33335049679862 -83.907981 4.252817 51.191
0.181846944338836 0.338677689310826 9.30619605455273 -87.91959 20.64836 51.71
0.180663571791534 0.323343610032591 9.30982642241184 -86.663369 7.152318 51.52
0.25985338690873 0.386366767077188 10.330571516122 -82.75103 65.69958 51.191
0.237808924280519 0.310779816889582 9.39376516871478 -82.30674 2.996501 51.02
0.197740412600139 0.414357652340387 9.9673951062437 -91.85778 92.6115 53.32
0.188538580926848 0.295251922734091 9.04473571010877 -82.31916 3.12802 51.02
0.193571305945517 0.321503935872969 9.45774137537279 -82.320163 6.208102 51.02
0.215260806333359 0.365032840466863 9.61412945244676 -89.1597 52.02885 52
0.232569168318222 0.294422660912798 9.14705446101522 -82.333911 4.141429 51.02
0.243471728142038 0.317025168143778 9.30898470941073 -82.334911 4.019737 51.02
0.219515128614452 0.35354739099837 9.75600260989284 -87.64765 40.45829 51.71
0.289281141011654 0.376995404907529 9.52005472470689 -88.90041 61.38984 52
0.155622494366813 0.302440377626386 9.10304565926068 -82.350787 2.570872 51.02
0.16467691741235 0.373997449443108 9.63497357186635 -88.97738 59.16767 52
0.197406621484135 0.39203775346817 9.72405413921727 -88.57191 71.76037 52
0.214493387204323 0.380710088765353 9.9943125282284 -88.8788 63.12593 52
0.188657615546105 0.350799132991695 9.43492275851108 -89.52802 38.42564 52
0.198401899585726 0.330439136846222 9.0407210651739 -88.08129 12.56291 51.71
0.173398903627798 0.3907966450816 9.86841820234696 -86.77915 71.86413 51.71
0.203550312549643 0.355160311838943 10.2805644002372 -87.64765 43.13072 51.71
0.221121475279807 0.379257980679525 9.93650774577498 -88.8798 63.75379 52
0.18366485472909 0.329669501945901 9.43868649663176 -86.73236 12.52512 51.52
0.168801492899494 0.343360299732848 10.0038947857648 -86.56246 28.45574 51.52
0.154648078660371 0.304239277902589 9.18045311399036 -82.422522 3.331573 51.02
0.176124694696251 0.34490326673948 9.70477523559497 -87.94776 28.63241 51.71
0.210655236881384 0.404040884321219 9.98431361194678 -88.28423 80.56018 52
0.174179105641333 0.329054751554958 9.6958577210042 -88.13208 12.3299 51.71
0.170405444368693 0.367507745720475 9.72026332859691 -87.40776 54.33716 51.71
0.177580398845868 0.295693974340241 9.03209167339818 -82.45269 3.45363 51.02
0.331417059132447 0.378682408966789 9.83306289805816 -87.21279 61.20323 51.71
0.266495482084604 0.380746954277098 9.40660647810899 -88.92859 64.25097 52
0.297998484489684 0.387959998194068 9.88835177313939 -88.85859 66.58859 52
0.157622306839796 0.389692008710776 10.1751310194807 -88.74626 69.78596 52
0.269668401876333 0.329455743242467 9.75045337481991 -86.81132 12.28352 51.52
0.190931801975229 0.351462062724709 10.075668190943 -87.82897 39.48629 51.71
0.171954511924674 0.385199812125042 10.2852062341994 -82.9104 67.11428 51.191
0.223852471482903 0.339852638217027 9.4438669665134 -88.10191 24.08532 51.71
0.235662768829987 0.397995828006589 9.98822563021041 -86.77915 75.83763 51.71
0.186093068897386 0.340162255698665 9.76920035283535 -88.16745 22.7588 51.71
0.278964343764228 0.373477704442197 9.64553168742655 -89.21627 58.98619 52
0.249432774225875 0.308912168930047 9.05040718660134 -84.23103 2.917595 51.191
0.20650957443825 0.337314356319922 9.44627899710465 -88.23544 19.80676 51.71
0.162850519723061 0.313323301190686 9.47472162629784 -82.62605 3.86685 51.02
0.295205035086768 0.331590450636146 9.93674694338082 -82.56902 15.25922 51.02
0.240591729518734 0.304675036219509 9.38520062970438 -82.63947 3.001286 51.02
0.185629070298149 0.319300308195948 9.21739063774938 -87.004295 5.364257 51.52
0.161595575179321 0.383371057414696 10.2491597323257 -83.11767 65.32401 51.191
0.159792762904331 0.322383873307499 9.28736699578376 -87.004295 7.419682 51.52
0.157747165449115 0.339357230558822 9.38007716898037 -88.23544 23.58 51.71
0.156058693160495 0.33723858684517 9.28820868027669 -88.28381 19.83854 51.71
0.209068463621256 0.330910558519531 9.04502980448721 -88.3408 13.76816 51.71
0.210311465724133 0.325376617900973 9.37693106381571 -87.019043 9.512945 51.52
0.189115094277698 0.294928516198712 9.06640761680418 -82.690585 3.640662 51.02
0.187566012322547 0.355218774047344 10.1790880371693 -87.88322 44.79236 51.71
0.250539093231197 0.40610461360296 10.1234466146287 -88.47433 82.71384 52
0.184474210105181 0.332514689405598 9.82793018610553 -87.03347 16.22057 51.52
0.169510214679547 0.3925192510372 9.85996046740543 -88.92759 71.66338 52
0.164822561496874 0.391692189385523 9.70752290650581 -88.85959 73.54138 52
0.167812628241569 0.316054362298102 9.08293123420793 -82.7548 4.140764 51.02
0.279249052890115 0.335484051726485 9.54201769276406 -88.38859 16.9349 51.71
0.109910260966878 0.400424520152434 10.0711007928149 -88.73052 77.38104 52
0.368095778617077 0.355964085152914 10.0219195618399 -89.81571 42.44338 52
0.120202568911068 0.308332784800236 9.01122622587165 -82.793621 2.421919 51.02
0.186929113472987 0.391422066293637 9.88806458614204 -89.03295 69.96052 52
0.110482395359826 0.339468452095575 9.48902479377057 -88.36897 22.8983 51.71
0.124398408887925 0.423996955950376 10.2750162020497 -85.35749 109.3051 51.71
0.105857604814853 0.390299439727436 10.1127219588449 -83.11667 69.22903 51.191
0.199473781132768 0.317117967244991 9.10029352528947 -82.809369 4.486942 51.02
0.165187132889622 0.346892585515866 9.97903946799437 -88.23544 32.92481 51.71
0.130868682306568 0.376205485308388 9.74737735768196 -89.37042 60.30603 52
0.112494245608102 0.381924887289324 10.2955210905745 -83.37895 62.84976 51.191
0.111007329521409 0.362988258833221 10.1584660967544 -87.87876 50.80154 51.71
0.124555494464157 0.36974708382088 9.91074265264265 -89.49166 57.34148 52
0.112096582444429 0.34046948537715 9.54027106505474 -88.38959 25.18225 51.71
0.108859444636096 0.410896845888732 10.0307083701404 -88.30443 88.95779 52
0.118018531097106 0.335990437411805 9.58604403098694 -88.46755 18.51035 51.71
0.192880696217039 0.339480577235202 10.0339441037191 -88.40879 24.09277 51.71
0.104866443757246 0.310836603639151 9.19169142550013 -82.888331 3.504892 51.02
0.109264931583326 0.327208720353084 9.30709019408826 -88.56294 10.00776 51.71
0.109702568155525 0.359050881175993 9.94357558662394 -88.0123 47.14749 51.71
0.106638082894204 0.376051988340501 9.66827562076852 -89.43941 60.73693 52
0.109372465341873 0.33236635112164 9.38604682899406 -88.57637 14.40317 51.71
0.146847505485902 0.389631205037845 9.35143934859387 -89.1799 69.65021 52
0.115390120358328 0.329034693265578 9.57491496918529 -87.25561 12.25217 51.52
0.104442035389728 0.347695975287587 10.12895138753 -86.98987 34.73928 51.52
0.160167925344618 0.336870866625658 9.64305939556029 -88.57091 19.07004 51.71
0.119659589597797 0.392147173423778 10.2036698590869 -89.1607 70.90473 52
0.106511103641306 0.32641534294421 9.01608866268895 -87.290977 9.691384 51.52
0.174083154571288 0.377800387731244 9.97686574490384 -89.42266 63.50696 52
0.389915244056824 0.38965739369858 9.79879858304067 -87.31815 72.25464 51.71
0.123774273910085 0.355751307068105 10.1291602213977 -88.23544 41.98816 51.71
0.108816261979661 0.326062420306443 9.26813990524954 -88.680725 9.353273 51.71
0.111176161593498 0.380791722705685 9.83798126105516 -89.38284 65.69217 52
0.127189970900573 0.367764126995431 9.85236524744948 -87.93433 54.57049 51.71
0.111123059391653 0.372043026603549 10.1226533761837 -89.59356 59.14839 52
0.115074740685699 0.321578257942848 9.06193966266181 -87.348319 6.704871 51.52
0.184934957326051 0.370714565781921 9.62607370017949 -89.67052 56.8071 52
0.134585157875888 0.387501298488978 10.2194365737209 -89.28526 69.02243 52
0.116629825370879 0.316940416584651 9.23432140767626 -83.042482 4.449062 51.02
0.104908585878246 0.366050565236402 9.73302442379985 -87.99555 53.36161 51.71
0.113210629484779 0.381530665681826 9.63691955076392 -89.44738 64.67411 52
0.129277604752489 0.335606746135612 9.42647397736335 -87.3044 17.99335 51.52
0.175046894970423 0.391706073815439 10.0179505432354 -89.29246 70.04531 52
0.109718430227503 0.357455368063415 9.60321272401545 -90.0464 44.33509 52
0.104603597257744 0.3830954727676 10.3427383487007 -83.59113 63.85652 51.191
0.119220064936661 0.343163077760944 9.74991349388417 -87.23499 26.44403 51.52
0.118517420126827 0.337940531037518 9.83962164462936 -87.3044 21.50769 51.52
0.236602489773723 0.354918167154058 9.96692953819295 -86.9535 42.72303 51.52
0.111843486522821 0.331621679846673 9.32747135237627 -88.74526 13.64087 51.71
0.108296055493573 0.3843246946682 9.69507800225535 -89.4872 65.63646 52
0.149394594796238 0.36460854761447 9.76549392736467 -89.91287 52.0611 52
0.103920875301292 0.372040885386183 10.0746577106678 -87.93533 59.06071 51.71
0.120754235870613 0.381839636790992 9.55606553330128 -89.4882 66.56517 52
0.141101835583352 0.332443058198343 9.74267222779282 -87.43793 15.66747 51.52
0.335435280355096 0.385054122618095 9.62624312401556 -89.4882 67.05933 52
0.106964804172201 0.346064209976531 9.79527699405555 -88.61273 31.11599 51.71
0.118456442475619 0.397649806184636 10.0351977172279 -89.21972 74.89359 52
0.128973995699384 0.36384015469832 9.65287787704951 -89.9572 52.36383 52
0.153274243831902 0.372420266972587 9.85229146882752 -89.77934 58.95723 52
0.165660745419283 0.385329162155571 9.59179211371785 -89.4882 67.97088 52
0.176304414989872 0.343243397808873 9.34270577959815 -90.47248 28.08579 52
0.192969643343052 0.304709791224409 9.27086848871381 -83.229582 3.070746 51.02
0.176610604531921 0.375160424247387 9.36532769240124 -89.77588 59.6116 52
0.116967802785329 0.36376670458243 9.80121409895999 -88.23544 51.07727 51.71
0.159785185200477 0.295374434101384 9.22648161176975 -83.233452 4.217536 51.02
0.104870736402421 0.317738882255151 9.41267444113359 -83.235453 4.511929 51.02
0.133124052001805 0.317846683029371 9.00409590670923 -83.235453 4.734862 51.02
0.196338430456742 0.358583890014362 9.93592431807038 -88.36897 46.0186 51.71
0.114444323302171 0.365056277933054 10.4974847095699 -88.18665 53.23104 51.71
0.144706900406544 0.308671185052779 9.07256979864836 -83.251202 2.892636 51.02
0.139263580061524 0.35538814187008 9.71945230896009 -87.07229 44.15911 51.52
0.135233772347219 0.33767616728085 9.67308828935656 -87.4753 20.7361 51.52
0.174441375799888 0.373104180122608 9.40831305736658 -89.84488 58.38523 52
0.114724653216598 0.360277102472609 9.83381374653202 -88.32405 48.94788 51.71
0.110195156523241 0.325881199430135 9.32375758004341 -88.928586 9.042568 51.71
0.10829299485638 0.381160828252655 9.48017515150787 -89.67052 64.37214 52
0.104315170502803 0.343300236339515 9.62509483949881 -87.42451 26.77473 51.52
0.176661883801726 0.358125278599027 9.94810391808272 -87.05886 46.09647 51.52
0.126546556122615 0.37375833852436 10.3160542582706 -86.71661 58.68767 51.52
0.10767807703386 0.342926049530508 9.2816943672333 -88.79605 26.0981 51.71
0.128731754211089 0.386060437631153 9.15259854705104 -89.62173 66.8735 52
0.122726880422149 0.345927882865795 9.76808627528431 -87.40876 29.63273 51.52
0.0852293425838163 0.349706640453038 10.1535963570501 -87.29098 37.23476 51.52
0.082601301951454 0.394572751654866 10.5874448094847 -89.43941 72.78098 52
0.0745629048907379 0.363483766216819 9.78282731413209 -88.3408 51.19184 51.71
0.0744373079588218 0.383548116518953 10.2802945057505 -82.20138 64.74297 51.02
0.0823897949415723 0.334648949624949 9.68771200896891 -87.59786 17.81875 51.52
0.412174144562621 0.387369068751373 9.72203923756072 -89.59356 69.45297 52
0.0929474712300259 0.370604025371934 9.65908008415115 -90.0272 55.91191 52
0.0949899311163681 0.381726174009174 9.37651580209507 -89.77588 64.2692 52
0.0951917549090058 0.332952769872959 9.08682478505627 -89.00477 14.45254 51.71
0.0744256194438074 0.347481359438516 10.1600730110649 -87.38814 35.64258 51.52
0.0791433998178258 0.33829598981473 9.66107601684015 -88.95266 21.78277 51.71
0.0753697966552352 0.378835062053597 10.0508825789578 -88.0325 63.57767 51.71
0.0745640839813048 0.318841898142214 9.11524204450453 -87.726614 5.355961 51.52
0.103482758713617 0.352818443483943 9.82676854297758 -88.67727 40.48307 51.71
0.0826805391534463 0.356465506951024 9.59345202495422 -90.3547 45.36033 52
0.111784440411221 0.38064456043456 9.57329506077852 -89.84488 63.80484 52
0.1228829196523 0.427037771619264 10.2116231036003 -85.7787 112.9528 51.71
0.0779980292789167 0.335317594903455 9.20015629047302 -87.69544 17.81211 51.52
0.102672590469675 0.325510271737272 9.30121310203785 -87.760981 9.084111 51.52
0.0786383762053797 0.383852562404787 9.48312768105399 -89.80405 66.0036 52
0.142739059347755 0.375552259450131 9.52151118876501 -90.0272 59.20304 52
0.076152150743971 0.388784253273229 10.1953494134561 -87.90616 69.29715 51.71
0.089833478758856 0.366557065891037 9.61288656427006 -90.18135 53.95453 52
0.0845267039973191 0.38137033548509 9.67269616019361 -89.88024 64.13809 52
0.126869449530856 0.376116813400858 9.20669489119176 -89.99903 60.80333 52
0.073817079593849 0.376297887009092 9.75804380434137 -94.07895 62.55838 53.32
0.134582623631486 0.386796131127766 9.76242151134687 -89.77588 67.66775 52
0.0770419241948943 0.332136116834483 9.79790098623162 -87.76298 15.59628 51.52
0.0816433974074995 0.365089598985503 9.59339992202606 -90.28571 51.12015 52
0.154716948924641 0.356641831463967 9.6238852453156 -87.27855 46.19725 51.52
0.0782428915675845 0.341123812863607 9.9144239953571 -87.66107 25.9785 51.52
0.13563446040128 0.385077013622322 9.5381790304632 -89.77588 68.10931 52
0.0813503194953178 0.359004875721822 10.3313787546038 -87.24219 47.81141 51.52
0.0770292634943843 0.368610943775205 9.78484395251389 -88.38959 55.57363 51.71
0.085070034515967 0.382586955324362 9.75582874004231 -89.85284 66.01396 52
0.0816385313358867 0.377273017814595 9.49197699754514 -89.95821 62.8181 52
0.157021440725816 0.333447591768244 9.30179523224579 -89.14727 15.17367 51.71
0.0976760592723916 0.311953428613217 9.36051260348295 -83.552307 3.267257 51.02
0.0842701078520438 0.381573205160705 9.77072508905453 -89.89367 65.3238 52
0.185377593799869 0.390691604387245 9.73434086948425 -89.67052 71.83665 52
0.0774678871372508 0.380131770312656 9.54496488090317 -89.97841 62.88922 52
0.124484944369259 0.372148926152929 10.2732873036232 -88.35422 57.79086 51.71
0.0787655778268227 0.320349161298276 9.36551751613674 -87.866341 5.929866 51.52
0.126700771131048 0.330415898821863 9.60936069931199 -87.82997 13.97042 51.52
0.0784181746844593 0.381751079271274 9.62462385011476 -89.95821 64.00949 52
0.0788667386676807 0.382596636208033 9.7114385838224 -89.88024 66.40996 52
0.0737200906045021 0.346360446582513 10.2813744600095 -87.60783 32.75415 51.52
0.0735811221956212 0.379572037171253 9.78233760849394 -89.99903 62.91374 52
0.0737554891895438 0.331702222436072 9.45709127578315 -87.83994 13.90456 51.52
0.135572295486051 0.329007922510539 9.7221001206714 -83.54511 12.24959 51.02
0.0742422355036388 0.383467658434172 9.68026520526055 -89.89367 66.36181 52
0.0739742946301763 0.355810167303103 9.65867774799116 -88.74626 44.65542 51.71
0.118947127355693 0.35096159682526 10.0445408325383 -88.89941 37.87926 51.71
0.173860375578401 0.38043348698223 9.38731880975148 -89.99903 64.10746 52
0.123659127326807 0.344638795307692 9.38288319450957 -89.04637 30.31105 51.71
0.0979788132545898 0.41007194134789 9.89888013676828 -89.08174 87.91914 52
0.0845733683957793 0.338119443947285 9.50187841312879 -87.82997 20.58149 51.52
0.147201363263082 0.378601874718507 9.52393304754064 -90.10339 61.34686 52
0.0777147946345326 0.369026258378806 9.49740609028118 -90.29913 55.02579 52
0.104539974519552 0.303377665308001 9.28804231531788 -83.655666 3.249144 51.02
0.0776948903211895 0.38360762077683 9.65376666409597 -89.95821 66.36024 52
0.162632531825772 0.376381700761658 9.48746991443385 -90.13256 61.0549 52
0.0816196747544906 0.381160786768474 9.12453740046163 -94.14894 65.44594 53.32
0.0976261582487458 0.395494034604848 10.2592203583469 -89.69073 74.85999 52
0.0841667109153533 0.387149851033631 10.3120618223601 -82.45137 67.41166 51.02
0.133384116541212 0.374513468248864 9.32607547451232 -90.18135 60.80394 52
0.172208232165047 0.317027261344445 9.22092431625754 -83.706458 4.590244 51.02
0.0788515204899527 0.368633635697992 10.2335830879156 -88.62848 53.48735 51.71
0.0819765152787198 0.332624730498103 9.01572839346836 -89.30488 15.41251 51.71
0.079104224536646 0.405736673882876 10.116366055151 -89.38284 83.05104 52
0.0865602852131143 0.355438691212599 9.99189008090857 -87.52887 43.76365 51.52
0.13249259938267 0.380351285398104 9.62702802192935 -90.0272 66.18651 52
0.0760914798299439 0.379195960398999 9.66847014983165 -90.11681 63.51377 52
0.101511810093755 0.360261737568767 9.93007952606781 -87.42451 48.19639 51.52
0.076430531022575 0.372268601311382 9.87650247409746 -88.45758 59.67013 51.71
0.122229979380766 0.350479505553046 9.79567809324719 -87.68302 36.71038 51.52
0.131584963264544 0.331456092156583 9.39298253782207 -87.98412 14.14402 51.52
0.0991909313901069 0.340592136936584 9.88707479904852 -87.87976 24.89026 51.52
0.0911678092316134 0.348020036755348 9.72678326812982 -89.11191 32.54739 51.71
0.0802027650664236 0.385982121812082 9.84365409584219 -89.99903 67.46739 52
0.0744878680722135 0.38348724747472 9.91832047582123 -90.06702 65.5761 52
0.0877068962323876 0.377428745630645 9.82527973775297 -90.18035 62.18081 52
0.0800044659048447 0.340480722064593 9.33139463265741 -89.25609 24.10178 51.71
0.118602250845758 0.343296826273813 9.78561335886948 -87.87976 27.24745 51.52
0.159711664041471 0.366952054458321 10.1704650513307 -88.67627 53.80785 51.71
0.0841552295701901 0.384716940123581 9.67711429183038 -90.0272 67.66126 52
0.0817504363861114 0.372770249591204 9.64487748996272 -90.31488 58.97077 52
0.083846530959335 0.379293972757911 9.30623376958009 -90.18135 63.37999 52
0.0775099913705466 0.381026255819381 9.13914451084306 -90.13256 64.93876 52
0.0803236493834912 0.350511518454789 9.77368571205612 -89.08374 37.41009 51.71
0.133458385524046 0.335608542291677 9.4544207373115 -88.02395 18.29915 51.52
0.0709823776455744 0.374334929794841 9.98564046123305 -88.55849 59.04662 51.71
0.166285364819871 0.3504708988529 9.8010980929935 -87.74482 37.81276 51.52
0.0719680761817969 0.400409158169793 9.85138517981362 -89.67052 78.22693 52
0.0802446532152032 0.331926721568315 9.51243950298556 -88.06309 14.64371 51.52
0.0885672244631413 0.370179407599743 9.39482240991451 -90.40449 56.92783 52
0.0757389845065836 0.403635908343612 10.3085216683545 -87.8018 80.13808 51.71
0.112292963105317 0.354882511259337 9.96922504645111 -88.99758 42.64268 51.71
0.119919449822436 0.375229899048521 9.53179637967795 -90.31488 60.18334 52
0.105562195714982 0.388499956217553 9.82195121967245 -90.06257 67.94804 52
0.105975611633892 0.363344417424247 9.58979541588051 -90.58681 50.62107 52
0.0720028159627894 0.375488055087821 9.23670833611225 -90.31488 60.42718 52
0.0657703396560506 0.382845407541 9.51431137990821 -90.14053 65.90824 52
0.118676084725645 0.351033544435601 9.60166866604857 -89.10194 38.32694 51.71
0.0677214951460413 0.375290186959464 9.58220326925394 -90.31488 60.59225 52
0.0907525605985296 0.380829088351018 9.6834192243129 -90.14053 66.05514 52
0.0806278152382736 0.390927028555914 10.0830295301295 -88.15748 71.66857 51.71
0.067497573395954 0.36390750973172 10.0460678109669 -88.82323 50.64734 51.71
0.0773429997855055 0.419574782868262 10.2285950995336 -88.59211 102.026 52
0.066918025403498 0.390189449023554 9.52245323649703 -89.95821 71.40582 52
0.0694607923220785 0.382522156770706 9.64671612128446 -90.20952 64.21944 52
0.0777950679226871 0.382220605530411 9.62122272366967 -90.18135 65.08368 52
0.0701149392072248 0.38362081017645 9.82908320498569 -90.18135 65.27918 52
0.0771701226514747 0.329236101410837 9.08430848512043 -88.11766 12.20798 51.52
0.0968995129386181 0.351742044305415 9.85494561109248 -89.12256 38.84883 51.71
0.141362372494718 0.332540422598938 9.45212714682039 -88.11766 14.6486 51.52
0.103190279909407 0.358875622231676 10.0481204053774 -88.96395 46.27839 51.71
0.0945979687391008 0.382115814590244 9.47730919239317 -90.20952 65.17017 52
0.0657529304777749 0.365993733794563 9.66285551561876 -90.58681 52.64279 52
0.102076316026454 0.381680762202457 9.55281270519304 -90.18135 66.15168 52
0.070774976252118 0.361030901081007 10.1671246187082 -87.57146 48.54725 51.52
0.0655771889390203 0.350015919530991 9.55024483536314 -87.82997 37.05172 51.52
0.0789781156363813 0.386131753576183 10.3233971796999 -87.03247 66.46177 51.52
0.07015376510789 0.381999579926507 9.69386417839016 -90.20952 65.38513 52
0.0951209469331909 0.336746058111072 9.83111607747108 -88.08948 20.14763 51.52
0.0665534931359257 0.364253034134385 9.91844133183819 -87.54229 50.21129 51.52
0.0667356358736087 0.385642702109492 9.63551995208292 -90.13256 68.2834 52
0.0695855405396753 0.350052553800837 9.70512670633857 -89.21627 36.27296 51.71
0.0787253043768155 0.350476147878753 10.1626212444751 -87.83097 38.56403 51.52
0.0669205925419373 0.393375395861884 10.3215602466736 -86.84569 72.44161 51.52
0.166587338811579 0.378649451418987 9.37611163092026 -90.31488 63.22653 52
0.0658250116416095 0.379925143845751 9.65047438260912 -90.31388 63.27048 52
0.0666921711544665 0.382745569205098 9.52911712846218 -90.25034 65.3255 52
0.0719173131960117 0.382141241675805 9.76734519449416 -90.18135 67.38919 52
0.0702994500876071 0.364476985128843 9.7446460873913 -90.64238 52.45696 52
0.0692967646102356 0.369208710196494 10.1635696045945 -88.78263 55.56054 51.71
0.066860530109314 0.375344575183146 9.63373184657416 -90.40349 60.83282 52
0.0615243396555352 0.384514028518078 9.7153134165899 -90.18135 67.68382 52
0.0607246376408273 0.332103927540217 9.30183737044336 -88.18665 14.26426 51.52
0.0603556903520243 0.381886367954289 9.4981236183254 -90.29913 64.29915 52
0.0572347195883176 0.376453381155954 9.58304745342329 -90.40449 61.05154 52
0.109662652612529 0.370467288417975 9.52108569170589 -90.56619 55.85661 52
0.110977232702015 0.369768608975262 9.57027806761219 -90.56619 55.9341 52
0.107547778985496 0.384876370293843 9.25629144734351 -90.25034 66.25093 52
0.0585375057650784 0.327546637072437 9.35889235704361 -88.23544 10.288 51.52
0.0701746489919358 0.327402454144654 9.25364619465269 -88.23644 10.29571 51.52
0.0715993397927466 0.401702593181252 9.85895005095472 -89.77588 79.23125 52
0.0593223500325169 0.38786595862447 10.3000478860004 -88.42941 67.72644 51.71
0.0680437428071578 0.382404348549359 10.2393706574755 -82.79017 65.94461 51.02
0.168199825080887 0.381475843526252 9.74761865061757 -90.36267 63.35571 52
0.109408555290885 0.339419135176936 9.51525137992611 -89.4872 22.41328 51.71
0.0761403423402405 0.359834179118781 10.012076888584 -87.67582 48.05394 51.52
0.128696522638284 0.366531870642407 9.82386761931673 -88.8788 53.66812 51.71
0.0889709169662168 0.39765808152646 10.0889487280694 -86.80035 75.24774 51.52
0.0563657261020287 0.373435622914823 9.59927374259555 -90.53802 57.80762 52
0.0623820520243333 0.349067219719009 9.54445453815293 -89.30588 35.37469 51.71
0.0621683031986886 0.329476869953082 9.1850700073731 -88.26461 11.35552 51.52
0.0596571662548393 0.370719879165985 9.65367508430523 -90.58681 56.88959 52
0.0989178585014314 0.384413270861732 9.74319803854762 -90.28571 66.62659 52
0.063179055505631 0.360975583645763 9.62525055918514 -89.03395 48.94953 51.71
0.0570339936464942 0.378931644742643 9.50041166668841 -90.36367 64.43545 52
0.317060281984449 0.339766636019099 9.84920896461427 -88.16745 23.77906 51.52
0.0564945103053486 0.345111464983007 9.77707083746276 -88.08948 29.54264 51.52
0.0659517442314 0.371825204481603 9.81825571308231 -94.65877 58.60772 53.32
0.0706650411711857 0.38847933338193 9.6430155543688 -90.18135 70.10712 52
0.0842181798933582 0.387818222273964 9.77092589642219 -90.18135 70.18951 52
0.0588001321970461 0.3864810701785 10.3042316419818 -88.45858 68.56992 51.71
0.0762175741766859 0.373510185496382 9.53653065898001 -90.58681 58.2299 52
0.0797475878282528 0.352394897031075 9.85429604680909 -89.28526 39.50695 51.71
0.0609991740051741 0.385606793629498 9.66777621592217 -90.28671 67.82744 52
0.0697174805541254 0.340168700837488 9.43227423547558 -88.18665 25.41096 51.52
0.0588810021139714 0.37926167613042 9.60444538308952 -90.46903 62.46369 52
0.0576941316706745 0.341095923197931 9.93743986288524 -88.16645 27.3423 51.52
0.0896608051455819 0.382309367228481 9.74382609050178 -90.40349 64.66483 52
0.102023019878545 0.353191755905127 9.84555560676389 -89.30588 39.3683 51.71
0.0656831296623444 0.362599542756838 9.99823355475247 -87.73139 49.7081 51.52
0.0572198974754797 0.377289030637375 9.77683091379229 -90.50885 61.83915 52
0.0656398257224891 0.358854631506154 9.89690743692649 -87.81655 46.46965 51.52
0.05775219913836 0.375354548831771 10.025342538441 -87.40976 61.02582 51.52
0.0606305495300214 0.359218785693034 9.63331739004722 -89.13831 47.76497 51.71
0.0571334289094397 0.406408188265707 10.2782188957649 -87.94776 83.02542 51.71
0.0577812824714949 0.37676491136464 9.54700779323564 -90.53802 61.28895 52
0.0594754994482595 0.360780090150013 10.0594468524608 -89.15173 47.68397 51.71
0.109202936034058 0.345398394132692 9.59319059576367 -88.15748 30.42661 51.52
0.0608518504294949 0.393344645970662 9.92024390366058 -88.42941 71.29547 51.71
0.0751979199304526 0.339119051018171 9.84169511960514 -88.27181 22.4097 51.52
0.070057573726823 0.385245551570183 9.65429732681642 -90.36367 67.1872 52
0.142314627865516 0.378465258717952 9.93454923933095 -90.52127 62.40065 52
0.0585481277128905 0.382038167381048 10.3333711310035 -83.01331 63.84502 51.02
0.112359948541471 0.346176486153164 9.88770113929569 -88.14173 32.25628 51.52
0.0592421850470409 0.354355757370382 9.90414446580606 -87.9707 41.24149 51.52
0.0612535433195233 0.372146745762613 9.60513897879597 -90.65481 58.17274 52
0.0639560345210901 0.384776175165363 9.55645860741354 -90.36367 67.4667 52
0.0565017489099105 0.376428523469891 9.33939951877581 -90.58681 60.65321 52
0.0575716967749667 0.385431474783692 9.86663397577346 -90.39107 66.95585 52
0.0625693195655554 0.370982825749961 9.6830891104725 -90.69217 57.52357 52
0.0565579370617663 0.340583188400962 9.88417701231333 -89.62273 24.36487 51.71
0.0945030413399718 0.354069081820544 10.1517938441442 -88.00333 40.9267 51.52
0.0573087007289894 0.406068342533331 10.1125162253432 -88.01675 82.61489 51.71
0.0589853183387203 0.380097745010845 9.45674989137106 -90.46903 65.07589 52
0.0893645069446731 0.37986293123995 9.30869796574217 -90.46903 65.14365 52
0.0737933763516728 0.376879228313948 9.23688992288218 -90.56619 62.29769 52
0.0870193616996112 0.381139503404446 9.05528719944155 -90.46903 65.60628 52
0.0629303583500383 0.378415968784637 9.67675486822556 -90.53802 63.49611 52
0.070884550879467 0.386551554724292 9.92035329106843 -88.62748 67.58411 51.71
0.138253837237141 0.398760149282796 10.2856576766149 -88.34977 75.33686 51.71
0.113102683673106 0.352926222438769 9.51835570102597 -89.41024 40.08007 51.71
0.0607798371037903 0.394203508652743 9.60147737626166 -90.23692 72.95336 52
0.0573727468311562 0.390689985224216 9.79393151629041 -90.33895 70.38109 52
0.0595212624914775 0.384588297996198 9.69016775601807 -90.46803 66.81168 52
0.0962222600936297 0.413558790818092 9.94935720958904 -89.47478 91.63036 52
0.063270732042261 0.332587435094293 9.52562177890174 -88.45858 14.76135 51.52
0.0708875196458187 0.376541659377411 9.48755986279997 -90.69217 60.28583 52
0.0940872524259172 0.333064451260986 9.22332960840364 -88.45858 14.92905 51.52
0.0578486201909492 0.380505594741215 9.34297747181744 -90.58681 63.70046 52
0.063200079052198 0.388605544062142 9.89138229707535 -90.40349 69.20661 52
0.0883797424628496 0.386734808381063 9.74787875218436 -90.40449 69.30811 52
0.0620199561072473 0.334458075630108 9.06427087898598 -88.44516 17.69863 51.52
0.0710847500027007 0.387501102734616 9.17186537251538 -94.63237 68.70603 53.55
0.0620968159935448 0.378973904774107 9.29051862254627 -90.58681 64.00467 52
0.0742576710474704 0.386142459946172 9.76088837175389 -90.46903 67.56095 52
0.11248905525256 0.386681988900771 9.69335353711971 -90.46903 67.56963 52
0.0592038190267794 0.381648157292528 9.27056801450503 -90.53802 65.64493 52
0.0586092323906721 0.383456202624249 9.94198659665361 -90.53702 65.69898 52
0.0658781929269911 0.38679327481642 9.63242599451182 -90.46903 67.75486 52
0.0618206904184038 0.38352254502254 9.35941864210933 -90.54599 65.56503 52
0.0577483207843165 0.390982986007262 10.1578712789122 -88.59931 70.45394 51.71
0.0626885983008831 0.366816244964143 9.64648243955495 -90.8735 54.81654 52
0.061978029909346 0.330676666653587 9.65487194206979 -88.49495 14.04173 51.52
0.107063688630805 0.35952596055463 9.5854692724669 -91.09664 46.53794 52
0.0963408007295543 0.39257462009302 9.853437836061 -90.40449 70.13773 52
0.0589478463586337 0.381022451410073 9.18736018787651 -90.65581 63.46237 52
0.0567978111787113 0.37029963466268 10.2396003383962 -89.08274 57.36809 51.71
0.0611757159456581 0.348851650202938 9.92897291175234 -88.27526 35.13379 51.52
0.0767804870977138 0.38012804662196 9.62318391987909 -90.69217 62.82533 52
0.0642608981416933 0.400184135254992 9.81653792855482 -90.18135 77.227 52
0.0568692742344184 0.385069429308932 9.70308157133049 -90.53802 67.60873 52
0.0809648498544194 0.365382509330626 9.83171606174447 -89.21972 52.92441 51.71
0.058969058533344 0.365276646382723 9.50864967141148 -90.97886 53.2196 52
0.0852452927340602 0.385676729559009 9.60767365898922 -90.53802 68.05699 52
0.0640875498214969 0.349588401335831 9.9782966280965 -88.29998 35.53039 51.52
0.07769672423633 0.377856138668897 9.46206015539371 -90.76914 61.47116 52
0.111724406620135 0.375684890013601 9.50487020076456 -90.82471 60.0011 52
0.0640612458328968 0.380055977897693 9.57413374931462 -90.72035 63.40249 52
0.0609182584212341 0.379386309014655 9.49339118255119 -90.72035 63.70766 52
0.0567741440446302 0.372971787181933 9.21054318385717 -90.8745 59.23885 52
0.056925429454244 0.385807581886248 9.38048817135863 -90.58681 68.38152 52
0.0633492029054821 0.363374236488001 10.2573294687456 -88.0133 50.8691 51.52
0.0601827148203826 0.351247306622715 9.72226267917364 -88.30443 38.62008 51.52
0.127728901102741 0.383922969616974 9.75051951778196 -90.65135 66.97753 52
0.0745993190689269 0.373952367426493 9.57740142868412 -90.90267 59.11803 52
0.125576196889271 0.348466924134757 9.41662730858015 -88.38959 34.42049 51.52
0.0825161571613003 0.339143914470853 9.71094953471282 -88.57191 22.19489 51.52
0.0887893369042502 0.379875878643343 9.61733473521602 -90.72035 65.41419 52
0.085196073103322 0.37345890407017 9.76401051335598 -90.94249 58.70101 52
0.0609350180269525 0.354139920992072 10.2751303126502 -88.25464 42.92293 51.52
0.0639689932728164 0.378018025398389 9.57047053917089 -90.76914 64.52579 52
0.0918599217976406 0.376225105113208 9.74475414657152 -90.8745 61.25441 52
0.151973611566443 0.3575861078982 10.2066767522332 -88.1709 46.60918 51.52
0.0627838520186511 0.33274427518414 9.14233719049532 -90.01378 14.59102 51.71
0.0631262004451865 0.376952723635936 9.84421234990182 -89.08174 62.17485 51.71
0.115850360397605 0.388359513060523 9.63755188748187 -90.58681 70.10266 52
0.0563822156862039 0.397086152068553 9.86974862666809 -90.39107 75.47387 52
0.0585389810087937 0.355169618643345 9.73480416601538 -88.27181 42.70916 51.52
0.0691425277393573 0.354494084197396 9.7310298245674 -88.31163 41.01121 51.52
0.0836703853420482 0.34847935695083 10.069213647005 -88.44516 34.89785 51.52
0.0806900621615376 0.382791039540534 9.22125248551896 -94.85006 66.04893 53.32
0.0620266361972311 0.331375775347198 9.0492641187497 -88.71709 13.65875 51.52
0.0582412249127884 0.312262924852339 9.18802235668471 -84.50396 2.64152 51.02
0.0664743867020045 0.383505139651111 9.09230706422411 -94.84209 66.5191 53.32
0.0851689689479068 0.358327016758238 9.73780739645002 -88.22202 46.274 51.52
0.0565304817360751 0.353614142135259 9.79601796470396 -88.3398 41.14839 51.52
0.0662549757611869 0.374963068049116 9.26185817433021 -90.94349 60.6673 52
0.0638924904195255 0.38203645734934 9.52602487257067 -90.76914 66.42655 52
0.0608713141665267 0.371811789109463 9.87548474160372 -91.05682 57.23394 52
0.0589066692062428 0.37937862825014 9.70112175115926 -94.95987 63.89806 53.32
0.0581976137900858 0.39261786504236 9.86802463915885 -90.57339 72.40453 52
0.101066452285089 0.4039991621893 9.96129212092424 -90.24934 80.79667 52
0.0787123261487853 0.3927800025899 9.67284768519991 -90.58681 72.12092 52
0.081216979778224 0.377641872798807 9.46307738331721 -90.94349 61.5893 52
0.0580099066341874 0.374670569105596 9.52117929908541 -90.97986 60.65468 52
0.0595943534572845 0.370434306742873 9.61490970035664 -91.09764 56.88989 52
0.112754496246632 0.307560634937303 9.26057855398281 -84.570957 2.567371 51.02
0.061078145395005 0.401673448752549 9.87937276877698 -90.40349 77.65083 52
0.07274544370076 0.385558422019779 9.67940791840783 -90.76914 67.84382 52
0.0621450027669959 0.397134744026871 10.160504229078 -87.43348 73.77906 51.52
0.0661568728989856 0.374735678616982 9.30118050415989 -91.00703 60.74125 52
0.0669903694613278 0.383338510757508 9.40221023067808 -90.8745 65.17055 52
0.0572132165903334 0.381221938751868 9.5948161800016 -90.94349 63.26484 52
0.0712060362403159 0.382251142361833 9.44401270751145 -90.8745 65.61281 52
0.0572601987353213 0.379731773654963 9.93428825109318 -90.94249 63.52553 52
0.069243700683161 0.35396870670883 9.7295959941743 -88.44516 40.92058 51.52
0.0770881422509405 0.344006971649999 9.35350810198699 -91.741 29.59293 52
0.0564480584995694 0.348960370686901 9.65270917769786 -89.89467 35.39786 51.71
0.0565723978665304 0.371616495399233 9.56668991777455 -91.16118 56.6201 52
0.05767140521429 0.377307542862665 9.42607289663515 -90.99228 62.45085 52
0.069943027758126 0.341976273325359 9.26654370525639 -90.0272 27.85677 51.71
0.0682006123725689 0.400786246255286 9.87252707915476 -90.40449 79.05688 52
0.133126379714857 0.414639373180381 10.4525851238388 -89.83045 92.2891 52
0.0725603871912678 0.390384366805009 10.136032193471 -88.97838 69.95938 51.71
0.0601722812541762 0.330367461332324 9.10375916894958 -88.86405 11.99063 51.52
0.0600989889305219 0.374981642687208 9.51415337947024 -91.07702 60.0023 52
0.118109971623147 0.401519475678302 9.95154809374615 -90.46803 77.71562 52
0.0837183337130835 0.382873698974952 9.6518611083073 -90.8745 66.82166 52
0.266978776721761 0.373027391813973 9.60935059473124 -91.09764 60.08254 52
0.0619889904608991 0.382285329159725 9.54392879411472 -95.02441 65.31653 53.32
0.104785803345825 0.385671363364341 9.8398384108285 -90.8735 67.2492 52
0.0613798074994831 0.37651978245402 9.65748607110015 -91.05682 61.66619 52
0.0661005969020314 0.370968209930212 10.0679826700896 -88.10291 56.66093 51.52
0.0585803751942644 0.392233403770405 10.1109012968637 -87.66107 70.18293 51.52
0.0568293795077899 0.3689478276012 10.0707514114036 -88.1709 54.56257 51.52
0.069685280910369 0.382645232911114 9.47920887474354 -90.8745 67.62805 52
0.159999448364308 0.367130466392857 10.0922657534906 -89.4882 55.70591 51.71
0.0604736827394518 0.36044151760095 9.82374135411323 -88.32505 49.21897 51.52
0.0891198231384685 0.363993121557819 9.74105695706576 -89.62073 50.87874 51.71
0.0645837796795374 0.385416902746967 9.79089772764084 -89.15073 66.52774 51.71
0.0579063510350688 0.401719972830333 9.9959402125928 -90.50885 77.91097 52
0.121875254821398 0.376849330058686 9.17748866300244 -91.09764 61.16325 52
0.0575227096659686 0.377353940800425 9.79050107868542 -91.09764 61.29054 52
0.0580680695919427 0.395676915477945 10.0506753617427 -88.95266 72.88382 51.71
0.101757790334312 0.379150490744266 9.41955155387374 -91.04785 63.82053 52
0.0617631113013796 0.37309323086432 9.89910811503621 -91.202 59.00374 52
0.0575300287430465 0.388467276738831 10.0589113427202 -87.78018 68.6457 51.52
0.0620327652058925 0.335329161755727 9.20142581218067 -90.24934 17.81819 51.71
0.0574965151953198 0.365542177347375 9.94980752638464 -89.62073 52.98333 51.71
0.0715288134033417 0.375935589643772 9.94709724979112 -91.16118 60.71691 52
0.0716594138294213 0.395974960309004 9.73575925704926 -90.67156 75.10699 52
0.0569626184038102 0.378238443219235 9.65228197001494 -91.12581 61.98239 52
0.0601170363126083 0.375010151286251 9.58077799562727 -91.23117 59.02469 52
0.0626465608068341 0.37338727891078 9.48665590546598 -91.23117 59.08534 52
0.0637685876840889 0.355726049115691 9.79164413094136 -89.89367 43.33295 51.71
0.0673578183559001 0.383320635955811 9.63864228194032 -91.05682 65.14009 52
0.122799764070548 0.382228722371187 9.16461443189172 -91.05682 65.18479 52
0.0566250469245633 0.374003839689915 9.44435505865173 -91.23117 59.91842 52
0.0632025082936875 0.385545626759048 9.57788764042959 -90.99228 67.42994 52
0.0590336638630177 0.378018525337612 9.82675168962736 -91.16563 62.19033 52
0.0703022662132003 0.3778805946875 9.58296785279678 -91.21542 60.85161 52
0.0655431206818187 0.382620954300674 9.59168858851061 -91.05682 65.84725 52
0.0567038227113475 0.370281891172759 9.66683673031422 -91.34895 56.45107 52
0.0632260974592895 0.33786620639104 9.34711274071481 -88.96841 20.77084 51.52
0.0834889410100646 0.379116382970432 9.81782012246251 -91.09764 64.88489 52
0.0697886135919365 0.35220618644369 9.71683709413549 -88.68073 39.5099 51.52
0.0706354784244834 0.376132832066884 9.36409920044714 -91.23117 60.76324 52
0.057223025398022 0.37540534583725 9.55218560581102 -91.23117 60.77979 52
0.0662769106933118 0.374285976466618 9.29355494160298 -91.23117 60.82408 52
0.0578297786448424 0.383120685516402 9.05987446449388 -91.09764 65.39527 52
0.0700367527121797 0.369230979642707 9.51472422277391 -91.41349 55.20457 52
0.0620018056003992 0.39106086940348 9.64393204353939 -90.80996 73.82601 52
0.0938149236432594 0.392982199700276 9.69266805543778 -94.95987 72.44132 53.32
0.0574250837578706 0.380215904918227 10.1826088319355 -88.06209 63.83854 51.52
0.0584824585843131 0.335461738029668 9.05038592968934 -90.3547 18.6773 51.71
0.165601285939352 0.378044611226975 9.73930138684845 -91.202 62.96139 52
0.0647748995821814 0.37855404060962 9.47731192228936 -91.202 63.3696 52
0.13189167482039 0.375557951383867 10.2298248719523 -89.52802 60.58443 51.71
0.148375516454998 0.369903153744358 9.80731897191094 -89.66155 56.16912 51.71
0.0598950316402005 0.367672968819328 9.9076307440408 -88.32505 56.22509 51.52
0.0694973629253784 0.372166707575203 9.38048112914167 -91.38432 57.52069 52
0.0576564397740612 0.356992304643393 9.66432128615855 -88.62848 44.6183 51.52
0.0916392234636049 0.397957972437964 9.94846579388445 -87.59108 77.51834 51.52
0.135096838381044 0.389024466017885 9.62081087930782 -90.99228 69.99085 52
0.0599413795786092 0.367861558347769 9.61156380578787 -91.5031 53.53378 52
0.0602544186385615 0.336901207480983 9.39568532060827 -89.04637 20.09717 51.52
0.0692407644894348 0.373293044624458 9.53323945726037 -91.38532 57.81051 52
0.0893167143131159 0.372508318167768 9.5308285158277 -91.38532 57.81166 52
0.0812261839326275 0.394569407515199 9.6774209069028 -90.91432 72.83269 52
0.0628990166529537 0.370001808953207 9.3910876710836 -95.51949 56.50194 53.32
0.100371366731422 0.374073179136127 9.82563472779591 -91.34795 60.10296 52
0.130487812669635 0.321821505141619 9.66937370344704 -86.506445 7.509067 51.191
0.0677555306392005 0.331774555881403 9.10019318096594 -89.13111 14.25689 51.52
0.116145172691898 0.363309726753257 10.19492410954 -88.52412 50.57268 51.52
0.0695613147664308 0.370621432131061 9.73015517561172 -91.46228 56.28455 52
0.107392516857151 0.33879787593409 9.37609340713901 -90.39107 21.90617 51.71
0.0612673961421019 0.370338507305989 9.95550085396354 -89.72709 55.85296 51.71
0.0708331090857124 0.377190700365545 9.82973515116097 -91.27896 62.81267 52
0.056746558601979 0.378728988643189 9.38745116537443 -91.27996 62.86746 52
0.0614793497453546 0.374855780410809 9.99318069400162 -89.59256 60.70578 51.71
0.0564921474004268 0.387485507496441 9.63684080701291 -91.05682 69.74964 52
0.0695015886078865 0.381215726389948 9.2159224281452 -91.23117 64.62373 52
0.069739666182182 0.388553154975886 9.73131026918766 -91.09764 68.62661 52
0.103676004285906 0.380921891610167 9.59871750951249 -91.23117 64.70255 52
0.0583354433915505 0.38149518031446 9.55919924164484 -91.23117 64.71304 52
0.0602092058893528 0.377502728843318 10.0863702563382 -88.20627 62.77515 51.52
