1 0.398141955627619 9.99337491881917 -75.30705 75.27786 53.55
1 0.314096854578881 9.38596524545904 -72.000241 3.764231 52
1 0.381262362470227 9.9227199387164 -76.81112 63.51661 53.55
1 0.306919553029889 9.12051132240262 -73.444878 3.161808 52
1 0.390682518327972 9.97199698192465 -73.24235 69.8973 52
1 0.37843201571375 9.82465363579086 -79.47935 64.02152 53.55
1 0.386307143164008 9.89071083156854 -79.7289 68.18639 53.32
1 0.377125190308839 9.6983484118457 -80.32623 61.7875 53.54
1 0.312852937776874 9.08888161522931 -76.476978 3.475328 52
1 0.302577108113628 9.18623084721923 -76.543645 2.425667 52
1 0.390370253160479 9.82902886231981 -79.92697 72.00416 53.32
1 0.371819676373382 9.74922558316904 -80.56454 58.90502 53.55
1 0.384965858365994 9.72457025558957 -80.38322 67.43767 53.55
1 0.317017209752334 9.27959630794499 -76.799703 5.418779 52
1 0.378011205199573 9.56767206138232 -80.63454 62.85316 53.54
1 0.381849695880729 9.52304685540678 -80.66271 63.73749 53.55
1 0.387174997169845 9.63114945156884 -80.74786 69.53587 53.55
1 0.315374350388351 9.41112988366626 -77.258737 4.566179 52
1 0.31911771909082 9.38176795425743 -77.37507 5.76867 52
1 0.316514062817184 9.44515523883575 -77.375067 6.036441 52
1 0.388116414939687 9.83961377538828 -80.97001 68.26478 53.55
1 0.393692337097299 9.98880217936985 -80.7379 71.57075 53.32
1 0.388626430486637 9.8145886361733 -80.89305 70.4547 53.55
1 0.389630489108209 9.76079291429413 -80.97101 69.4317 53.55
1 0.377314108160156 9.79860169605879 -81.18073 61.58689 53.32
1 0.291627290280196 9.06953179184467 -77.48188 4.135055 52
1 0.376268306120271 9.69549970838481 -81.32668 61.51668 53.54
1 0.390869319920162 10.0055153298858 -76.11798 70.26699 52
1 0.398389824471091 9.95881689955224 -80.77426 75.089 53.32
1 0.378042512257524 9.74356241363839 -81.48183 63.75869 53.55
1 0.381801814681314 9.49845510245148 -81.5588 64.30436 53.54
1 0.31688532556487 9.21543319297706 -78.002675 4.734536 52
1 0.36961026631491 9.7081298658103 -81.99166 55.73117 53.54
1 0.380259940265016 9.5778640273306 -81.69233 65.19119 53.54
1 0.310894280386511 9.2616946354698 -78.13866 3.427172 52
1 0.304062657761041 9.08270963924251 -76.135727 2.618242 51.71
1 0.307527835888481 9.30887544455019 -76.172095 3.020932 51.71
1 0.314959375725858 9.52991008910385 -78.28116 4.469679 52
1 0.405686462286434 9.84014854705168 -81.35585 81.06749 53.55
1 0.305619867720247 9.06999779501793 -76.475653 3.594509 51.71
1 0.310002576063024 9.35878785070988 -76.564265 2.303945 51.71
1 0.374691019213673 9.79726429132794 -82.34733 60.80114 53.32
1 0.31531649541256 9.45697904578292 -76.655202 4.228341 51.71
1 0.306015655173859 9.08805215358257 -76.817904 2.529515 51.71
1 0.388582036158112 10.1411275558885 -77.55984 68.85299 52
1 0.310087559266075 9.24813187278266 -76.90406 3.14025 51.71
1 0.302518708857453 9.10986436182665 -76.967601 2.568767 51.71
1 0.316757284958295 9.43407425413648 -76.969602 4.996902 51.71
1 0.30754662790237 9.04344522311908 -77.035269 2.205837 51.71
1 0.315127089746393 9.27567119154158 -77.089838 3.873772 51.71
1 0.314936609914876 9.10564392898231 -77.100808 3.580571 51.71
1 0.38705114173283 9.95122136860621 -77.79195 68.64637 52
1 0.389654107852625 9.87909144539621 -77.86195 69.81462 52
1 0.382132743582459 9.84089923325364 -78.13288 63.85032 52
1 0.38767169887996 9.79203039720441 -78.0161 67.27154 52
1 0.323620633936984 9.36943913253038 -77.296105 8.457229 51.71
1 0.394120580831461 9.77217637643218 -82.46266 77.88605 53.55
1 0.299848151467827 9.05793237581743 -77.37652 3.208172 51.71
1 0.306620465279388 9.28760795267092 -75.836075 2.964886 51.52
1 0.315645337964219 9.28592973929928 -75.848045 4.947154 51.52
1 0.395152720488136 9.82709482028809 -82.56602 75.04288 53.32
1 0.383545413611592 9.87865703491879 -78.22559 65.36208 52
1 0.393498853078479 9.86605347301536 -77.96631 72.06662 52
1 0.389440877489359 9.92329441560592 -78.07964 69.6224 52
1 0.297074923867054 9.16907162414791 -79.534923 4.305378 52
1 0.322957185329754 9.57044324707442 -77.522021 7.676173 51.71
1 0.384182881701363 9.80604394649738 -78.30278 66.35538 52
1 0.384531972254364 9.96706116746895 -78.39749 64.70132 52
1 0.320388846364472 9.70599240228249 -77.677625 6.120611 51.71
1 0.36738834333879 9.61519041607708 -78.89157 55.07254 52
1 0.396426767145142 9.95179996406162 -78.21417 73.3674 52
1 0.302730613155155 9.07389888577672 -77.779531 3.102312 51.71
1 0.384585793051858 9.83334077640481 -78.4851 67.4703 52
1 0.38187618880288 9.74737189243284 -78.60288 65.61141 52
1 0.387001964341122 9.74975465605161 -78.60288 66.29194 52
1 0.388317198081078 9.88185615088023 -78.4861 69.66167 52
1 0.384051403411315 9.74768774097794 -78.655 65.45362 52
1 0.387817790218553 9.94565024906339 -78.60388 66.86123 52
1 0.3100258217939 9.09512021576078 -77.877696 2.387672 51.71
1 0.319796625111266 9.27822625524949 -76.344447 5.961401 51.52
1 0.298468264551116 9.45547018150731 -76.356869 3.717582 51.52
1 0.391361309835032 9.87754509476208 -78.51327 70.02403 52
1 0.351865667860449 9.45548094902618 -79.53492 37.37012 52
1 0.389873819625096 9.95607731769763 -78.54964 69.41351 52
1 0.389071980243621 9.87013138502788 -78.59046 68.64176 52
1 0.385587704561597 9.91854336521305 -78.70824 65.84923 52
1 0.377701459588947 9.89405220387445 -78.84178 62.33864 52
1 0.392526496791577 9.92651986929893 -78.4851 72.07212 52
1 0.389170916855701 9.80853801477926 -78.66842 67.86409 52
1 0.376927747664002 9.89890388060614 -78.9551 60.53461 52
1 0.309433850918912 9.05272092814588 -78.001675 3.040669 51.71
1 0.385014544634338 10.0147182801566 -78.79199 66.36926 52
1 0.385971089875942 9.81838586132299 -78.77278 66.89647 52
1 0.384704125677444 9.93993694732048 -78.77624 67.08774 52
1 0.32417584004586 9.60103200308706 -78.068214 8.527724 51.71
1 0.385315127247895 9.76567090503934 -78.82703 66.53307 52
1 0.380956898311438 9.69883898469719 -78.89157 65.39763 52
1 0.382811643801552 9.96273575628313 -78.94714 64.19567 52
1 0.317957867608081 9.58080678694978 -76.59244 4.58481 51.52
1 0.373025929272118 9.92362827400268 -79.194 58.07458 52
1 0.38618166214106 9.802265817109 -78.89157 66.92356 52
1 0.389444660140854 9.80454989473458 -78.81361 69.15888 52
1 0.383083561926075 9.79324945198645 -83.67906 67.20754 53.55
1 0.380743201090145 9.84439991824788 -79.00935 64.31931 52
1 0.384530907421653 9.91226229804852 -78.9551 66.57754 52
1 0.372159270773442 9.6807167834851 -79.28361 57.62966 52
1 0.385815254818813 9.83195987538602 -78.89157 68.68328 52
1 0.314980652786077 9.04892300026122 -78.253989 3.694318 51.71
1 0.380615287630237 9.8192100757145 -79.12946 63.00405 52
1 0.320238303633352 9.39318229786609 -78.264959 5.773043 51.71
1 0.308772685604031 9.21139966927476 -76.738942 3.383453 51.52
1 0.384685440323142 9.83277962669367 -79.0241 66.34892 52
1 0.317426326439203 9.17595247162754 -78.30278 4.851516 51.71
1 0.386663205900977 9.69242478746636 -78.99593 67.79937 52
1 0.389568208456213 9.82929432472969 -78.99593 68.29849 52
1 0.377624105744307 9.92127909780264 -79.31278 62.25277 52
1 0.371710324706095 9.84422924488218 -79.53492 56.31028 52
1 0.387047702094407 9.86569344875966 -83.9012 68.04182 53.55
1 0.318478711470906 9.33037121649095 -76.929908 5.517566 51.52
1 0.387709010943811 9.83950124499441 -79.07389 69.88658 52
1 0.382420381261092 9.80955009742175 -79.28361 65.14446 52
1 0.378360436596596 9.87223524564073 -79.40239 61.93555 52
1 0.389766962029428 9.84726596162388 -79.11371 69.71462 52
1 0.385002427339482 9.88242636606448 -79.24724 66.33777 52
1 0.319527979327409 9.26977597795627 -76.982024 5.078111 51.52
1 0.363874094355597 9.53580798094969 -79.80786 50.07195 52
1 0.307830173755701 9.14981315416166 -78.525923 2.671566 51.71
1 0.389698891720054 9.81251786806044 -79.17825 68.78842 52
1 0.373887326797415 9.82898510092123 -79.57129 58.10554 52
1 0.377500421574859 9.79680551823185 -79.40239 63.15212 52
1 0.306637539669027 9.11089156619362 -77.037594 2.271484 51.52
1 0.386923517637688 9.83061177664877 -79.28361 67.6198 52
1 0.304308738977806 9.22028234347492 -80.592942 3.035135 52
1 0.370455347233176 9.79905947609143 -79.69007 56.66663 52
1 0.37487470332114 9.93557999846525 -79.62454 59.36764 52
1 0.391738952401057 9.89378982356405 -79.17825 71.26958 52
1 0.304629475998033 9.16498673765228 -77.11901 3.184147 51.52
1 0.389105340457603 9.8499591743462 -79.21907 70.84169 52
1 0.381224513152286 9.88436230248727 -79.46593 64.55795 52
1 0.382156190951295 9.85500194280444 -79.46693 64.67323 52
1 0.38698856214525 9.83282506340464 -79.38077 67.48638 52
1 0.385029373675248 9.93765253230597 -79.46593 65.73317 52
1 0.313744378733607 9.15313268199068 -78.724994 3.673524 51.71
1 0.303620355311344 9.31986479904835 -77.206621 2.419642 51.52
1 0.376893544256404 9.98669172387301 -79.68907 60.69116 52
1 0.370284514773071 9.8351743224406 -79.80686 57.5785 52
1 0.312304733065201 9.22035596739195 -77.233339 3.077177 51.52
1 0.3894128906753 9.72719990642978 -79.36157 69.90024 52
1 0.360274478609402 9.74825311994718 -84.80507 48.62417 53.54
1 0.389605004790316 9.9686535453271 -79.42956 68.39643 52
1 0.306286670693199 9.07380329114573 -77.242988 4.063909 51.52
1 0.400653891891989 10.2908903307027 -78.96056 79.43429 52
1 0.387898260861454 9.86892310393884 -79.47038 67.65511 52
1 0.313256877847159 9.11405607623967 -77.269706 3.523229 51.52
1 0.307435484614716 9.37464078743293 -77.27316 2.743105 51.52
1 0.393934166235398 9.88168211570384 -79.3526 72.09307 52
1 0.370336273241891 9.8109219813603 -79.94139 56.28494 52
1 0.298697662615121 9.15472815414582 -77.32673 3.4402 51.52
1 0.390106527956739 9.86476045249097 -79.46593 70.52438 52
1 0.384709762783772 9.76703926815815 -79.58471 68.07495 52
1 0.390070698822938 9.84698413401892 -79.58471 68.30525 52
1 0.384653405806925 9.88611619752415 -79.68907 65.6083 52
1 0.38232710986793 9.87535050537781 -79.75361 63.98746 52
1 0.371529338092209 9.66650797313068 -84.70071 57.89572 53.55
1 0.387411472218016 9.79470718315783 -79.59946 68.36962 52
1 0.38541357443023 9.906766800226 -79.68907 66.12155 52
1 0.369618538085032 9.76761848773302 -80.05372 55.8682 52
1 0.311388623324211 9.09712946968559 -77.440734 2.854142 51.52
1 0.358401391097381 9.62522453131964 -80.34585 46.87908 52
1 0.388504232173559 9.93988776193141 -79.57129 70.02773 52
1 0.393241339615643 9.99980276841415 -79.47038 72.66925 52
1 0.391174458112568 9.80662811839823 -79.59946 69.69749 52
1 0.381213117088489 9.56221377375504 -84.54656 64.35226 53.55
1 0.383988305453774 9.8920538239769 -79.80686 65.43674 52
1 0.313994291143583 9.35074771789243 -79.050496 3.226398 51.71
1 0.382336699430282 9.69275213962337 -79.8724 64.66796 52
1 0.301186422645087 9.38306232903831 -77.552646 3.272447 51.52
1 0.38912625703329 9.87803741276054 -79.76604 67.52592 52
1 0.381948080218607 9.65245291786942 -79.8724 64.7593 52
1 0.388559958510188 9.86092496418739 -79.69007 69.52796 52
1 0.386093806738798 9.83107630683095 -79.75361 68.20948 52
1 0.38835975843476 9.82887197584031 -84.3996 68.14454 53.32
1 0.384750904210271 9.70469720457305 -79.76704 68.2765 52
1 0.314603538536396 9.34734336938216 -77.59721 3.525782 51.52
1 0.393946872977967 9.94906733318652 -79.57129 73.42397 52
1 0.382205381782177 9.85211111495899 -79.82261 67.21203 52
1 0.382425703355091 9.83445481283263 -79.8714 66.24693 52
1 0.35401045458549 9.57681539229841 -80.66171 40.52285 52
1 0.382435947943025 9.81677030885367 -79.91222 65.82288 52
1 0.315187876341837 9.17062044262123 -79.155857 3.585733 51.71
1 0.383689335078329 9.93970928408766 -79.8714 67.061 52
1 0.380703107834787 9.75418841746302 -79.99018 64.4177 52
1 0.37389389612568 9.85851027103702 -80.1725 59.67536 52
1 0.378519326844943 9.7202641793583 -80.09454 62.10163 52
1 0.381698275790542 9.74259587601714 -79.99018 65.30643 52
1 0.392737612447945 9.91417819045076 -79.76704 71.13614 52
1 0.387256806593175 9.97174215119043 -79.8724 69.12437 52
1 0.374068657452531 9.92780389695006 -80.29706 57.83032 52
1 0.381523887074422 9.88786810952723 -80.05817 64.68644 52
1 0.310918114272215 9.22319300739187 -77.744164 3.184438 51.52
1 0.385238087484021 9.87099836717228 -79.98918 66.61215 52
1 0.381491720517722 9.80733494764697 -80.09454 63.98952 52
1 0.385972803931944 9.76752688076932 -79.97676 67.35697 52
1 0.392307590348635 9.93735386459118 -79.8714 70.19052 52
1 0.385776580750521 9.78810237878561 -79.99018 67.40466 52
1 0.371662442006121 9.85772189074413 -80.31768 58.58073 52
1 0.371282373480314 9.83184002842699 -80.34685 57.73874 52
1 0.316445653593118 9.48795615875541 -77.811156 4.539886 51.52
1 0.390117023641191 9.85165166441165 -79.92797 69.85774 52
1 0.383361927907048 9.79721561631391 -80.09554 65.66781 52
1 0.387702747126846 9.99028480886247 -80.00493 68.39906 52
1 0.381644575661398 9.80575462805969 -80.21332 64.06368 52
1 0.306599606198226 9.10087044562879 -77.887345 2.098907 51.52
1 0.382678342123892 9.8909882028921 -80.21232 64.25098 52
1 0.385135232357198 9.69037649253583 -80.09554 67.36341 52
1 0.31389846702965 9.15340992396889 -77.887345 3.689048 51.52
1 0.376933643314612 9.82978549024704 -80.31768 62.23448 52
1 0.390298084579308 9.8844626527555 -80.09454 68.3402 52
1 0.395972244974338 9.8610720017617 -79.8724 73.97216 52
1 0.394125565755331 9.85171327622694 -79.97676 71.57219 52
1 0.378006497535136 9.9374540624549 -80.34585 62.05345 52
1 0.382740332435499 9.92825867336819 -80.26444 64.56337 52
1 0.404048651300354 9.97370343738597 -79.62454 80.01287 52
1 0.384456768016129 9.7959725503546 -80.21332 65.94601 52
1 0.386385446421303 10.2682699678726 -78.18845 66.40465 51.71
1 0.389657749036078 10.0059898266539 -80.09454 69.15495 52
1 0.37069581875138 9.83210728942024 -80.5 58.01592 52
1 0.390494234460977 9.67378793823602 -80.09454 69.40822 52
1 0.398419587010673 9.86619643334604 -79.8724 74.81138 52
1 0.316822471186814 9.31964889330474 -77.966307 4.657683 51.52
1 0.321641001390121 9.43621907519793 -77.96285 7.21392 51.52
1 0.387673185702596 9.76741646790191 -80.15908 67.97618 52
1 0.381278006906277 9.73566840652926 -80.38222 62.98739 52
1 0.392012852870243 9.93837399932731 -80.09554 70.56887 52
1 0.391930521194775 9.96501719499768 -80.12271 70.11274 52
1 0.375337379671977 9.94747318143609 -80.51575 59.6157 52
1 0.306189059579545 9.22774956337032 -78.031846 2.484055 51.52
1 0.377497340536063 9.80782905238682 -80.41139 62.74142 52
1 0.391963626213027 9.84550340543271 -80.05817 71.93987 52
1 0.387185424435963 9.81771396147555 -80.1999 68.48016 52
1 0.399795053642396 10.0358458333044 -79.8714 76.68896 52
1 0.400586463899498 9.90216703442086 -79.75807 79.22196 52
1 0.378316749551718 9.86670953960656 -80.45121 62.27157 52
1 0.315639424408331 9.18173825518875 -78.070667 4.284205 51.52
1 0.394167061291078 9.86544339007125 -80.03 73.53304 52
1 0.377535186694948 9.86252531768188 -80.45121 62.88286 52
1 0.310317304204884 9.30471885010753 -78.091611 3.002748 51.52
1 0.310120192050809 9.33546003637593 -78.098838 2.713693 51.52
1 0.372341005956788 9.85897733994391 -85.34407 57.73551 53.55
1 0.385449804247947 9.70464785627128 -80.38222 65.72492 52
1 0.385683171007051 9.89576123025155 -80.33343 67.2728 52
1 0.392191027606046 9.93870904441385 -80.22807 70.00521 52
1 0.387147767530206 9.77334796168267 -80.27686 68.91709 52
1 0.3926097877679 9.82596790908738 -80.15908 71.92093 52
1 0.381825623237216 9.9102328453226 -80.41039 65.6563 52
1 0.377033132065696 9.62735914574095 -80.56554 61.49007 52
1 0.39114243146594 9.77706740067902 -80.15908 72.29139 52
1 0.391173494246128 9.86511208078272 -80.1999 71.42327 52
1 0.392385967644752 9.85344696269932 -84.73953 73.32878 53.32
1 0.376736399712408 9.69317684111265 -80.56554 61.97048 52
1 0.365228924055264 9.76158448957333 -80.90547 51.41764 52
1 0.393491894026622 9.97031618901998 -80.15908 72.69928 52
1 0.309512260228167 9.0471513204633 -81.656187 2.707914 52
1 0.397992585849814 9.88128171430514 -80.04575 75.54864 52
1 0.385273316222015 9.72587316213297 -80.38322 67.34021 52
1 0.406457640898091 10.1035923916173 -79.62454 84.9374 52
1 0.317083054665869 9.34553559231267 -78.18845 5.245986 51.52
1 0.385575154365544 9.85788490476208 -80.38222 67.75243 52
1 0.358546575745243 9.76033517808978 -81.07537 46.79326 52
1 0.319124894999435 9.3858985578189 -78.215168 5.417079 51.52
1 0.398802708503262 10.037306585891 -80.04575 76.64614 52
1 0.392362992436749 9.9794984846972 -80.27686 71.20652 52
1 0.383022799950279 9.72363555015803 -80.501 65.4792 52
1 0.392262135657996 9.89640349958348 -80.31768 70.22334 52
1 0.38144967076584 9.78989798523504 -80.501 65.55694 52
1 0.388451955878937 9.91171990644469 -80.39464 68.52879 52
1 0.293646581765252 9.2729997143222 -78.23957 4.46285 51.52
1 0.381883743577171 9.67219024007844 -80.56554 64.2542 52
1 0.382831034124807 9.89899280113293 -85.11992 65.37633 53.32
1 0.300700641375992 9.23378770470967 -78.252989 3.466476 51.52
1 0.373310509196823 9.40110214441269 -85.39286 57.22621 53.32
1 0.388882317840062 9.87247882375743 -80.38222 69.32434 52
1 0.376063229963792 10.0222154501536 -80.7389 59.64385 52
1 0.382911257799045 9.86375960446102 -80.52818 65.59128 52
1 0.386523904527302 9.71869271391489 -84.98739 69.29072 53.32
1 0.310008020485884 9.20814694502416 -78.262958 3.410015 51.52
1 0.398702605163167 10.2317529051776 -80.09554 76.3297 52
1 0.392328098133799 9.83746987317753 -80.27786 72.07908 52
1 0.383741912500195 9.79705502364328 -80.48758 66.81066 52
1 0.379399237877057 9.71972765920808 -85.22528 62.94269 53.32
1 0.393125088884149 9.87085251978046 -80.33343 71.0639 52
1 0.387597647730072 9.94061619337954 -80.38322 69.95732 52
1 0.311928425311274 9.26117759648591 -78.289357 3.427342 51.52
1 0.404030956905186 9.93150144894449 -79.97676 79.70509 52
1 0.403608397700331 9.91344857580142 -79.99018 79.49893 52
1 0.313322883147497 9.31623583027818 -78.30378 2.73862 51.52
1 0.318930821043437 9.46560846537316 -78.308559 5.698348 51.52
1 0.369733892264943 9.82329657756216 -80.92122 56.2468 52
1 0.388332454190981 9.81575914792323 -80.38322 71.11996 52
1 0.384420133462112 9.83968973806526 -80.56454 66.58544 52
1 0.314906065412021 9.19502023281326 -78.3426 3.84243 51.52
1 0.38219935489137 9.76258236741995 -80.60536 66.03887 52
1 0.389910568261611 9.79936317952435 -80.46018 69.89707 52
1 0.390338881810028 9.77833819619043 -80.46018 70.037 52
1 0.380958715372644 9.68888671921554 -85.2875 63.96124 53.32
1 0.396865911318167 9.93395985620459 -80.28132 74.7265 52
1 0.371556024979521 9.70157201708887 -80.89305 58.65777 52
1 0.301667155398617 9.22859466463879 -78.39994 2.26109 51.52
1 0.382442400996348 9.89062189961023 -80.6699 65.5072 52
1 0.387253201566933 9.95119342249944 -80.61292 67.19309 52
1 0.377187662434689 9.8273854993396 -80.78869 62.53159 52
1 0.375762258276085 9.73854095911372 -80.81586 61.84739 52
1 0.388763465412202 9.81562920965844 -80.55212 69.44461 52
1 0.399835515682608 9.91463833781382 -80.09554 80.14912 52
1 0.379999976491724 9.81245110919899 -85.45739 63.66738 53.54
1 0.321822141971482 9.43508323588581 -78.437312 6.619614 51.52
1 0.387588010492522 9.75409250210741 -80.61879 68.07906 52
1 0.385930603911447 9.79532891747273 -80.68233 66.6134 52
1 0.385860421591086 9.83781982433747 -80.70253 66.14237 52
1 0.388109549491927 9.71395237660068 -80.60536 68.73489 52
1 0.387461301425436 9.92843565381536 -80.63354 68.10331 52
1 0.383621802349029 9.83140421501 -80.77526 64.4823 52
1 0.371781510614518 9.92066941252212 -81.01083 57.85112 52
1 0.393896076622388 10.0675896558026 -80.5 71.82432 52
1 0.31696350820452 9.31000144300828 -78.487102 4.824631 51.52
1 0.400238514345137 9.87590549077979 -80.34685 75.95966 52
1 0.359441941041136 9.66005807089152 -81.37647 46.64444 52
1 0.389438978973074 9.80039589059378 -80.56454 71.28535 52
1 0.399499956331296 9.9845494124875 -80.38222 75.68207 52
1 0.309724112190633 9.38192925853651 -78.534475 1.579445 51.52
1 0.390373642386627 9.7312785298904 -80.60536 70.4658 52
1 0.385735445629491 9.83864503898185 -80.68333 68.52786 52
1 0.393945780751843 9.95446114417067 -80.5 73.15799 52
1 0.374382416235791 9.88946583611335 -81.01083 59.77139 52
1 0.372192591541113 9.89611684891772 -81.08779 57.45413 52
1 0.388387970120773 9.86822126454588 -80.63354 70.03074 52
1 0.391554295207273 9.77435616434342 -80.60536 70.8261 52
1 0.388630464545172 9.96670695491233 -80.70253 68.59055 52
1 0.393266411393509 9.89742072064934 -80.56454 72.11472 52
1 0.381188288923882 9.85220456578754 -80.89305 63.59651 52
1 0.394375465737123 9.89279329001651 -80.501 73.81765 52
1 0.376907691898775 9.7346242460139 -80.97101 61.75977 52
1 0.37365935844976 9.83484802525878 -81.08879 58.29056 52
1 0.385085872827186 9.81199867623811 -80.78769 66.82552 52
1 0.382939586778574 9.78668807277952 -80.85222 65.27691 52
1 0.357720437274745 9.58298183384616 -81.48083 45.1063 52
1 0.380849784274992 9.87048924297766 -80.90547 63.93736 52
1 0.389823952410558 9.81038583911427 -80.61879 71.40953 52
1 0.401342259968984 9.8781566156482 -84.90943 79.02286 53.32
1 0.390129347944075 9.83771113648347 -80.68233 70.11122 52
1 0.388929584279046 9.90405804604057 -80.74786 68.46824 52
1 0.386827169353896 9.88689100226355 -80.75132 68.49243 52
1 0.378079436584949 9.73301298196242 -80.97101 62.77391 52
1 0.390126871545343 9.86417378065069 -80.74786 68.82571 52
1 0.369298665304995 9.66680976861216 -81.18073 56.71327 52
1 0.391866879106424 9.88313940085504 -80.69807 70.17747 52
1 0.382419791107852 9.8895344250844 -80.90647 64.75489 52
1 0.381881443460888 9.80080294817769 -80.92122 64.35727 52
1 0.38957168613444 9.82669553771859 -80.72315 69.60748 52
1 0.409988593391246 10.0275570003809 -79.97676 86.55666 52
1 0.40000194027998 10.0425208904411 -80.45121 76.46724 52
1 0.383564241190988 9.62816248851839 -85.45739 66.06087 53.32
1 0.38519063276819 9.78803139220404 -80.81686 67.85923 52
1 0.379703639385693 9.75966556582658 -80.97101 63.73131 52
1 0.370930058865921 9.79911535055957 -81.2089 56.94282 52
1 0.382030214487911 9.87820570642375 -80.97001 64.25533 52
1 0.375796251483109 9.68537639102623 -85.616 62.13374 53.32
1 0.382545756978871 9.75630811607517 -80.97101 64.47147 52
1 0.379017176396536 9.95622101883156 -81.07537 61.65016 52
1 0.384339850021611 9.7649384113387 -80.86565 67.42907 52
1 0.37691377585728 9.84796563008827 -81.14436 59.96968 52
1 0.372964387663811 9.70954737054226 -81.25869 57.03263 52
1 0.390980823462214 9.92214654130544 -80.78769 70.299 52
1 0.386937664238408 9.74962643110495 -85.51164 69.41955 53.55
1 0.387644274124887 9.90627238219872 -80.90547 67.61022 52
1 0.391853292606305 9.70581533819182 -80.78869 70.62629 52
1 0.386359002193488 9.90589365923471 -80.89305 68.18544 52
1 0.400125116357332 9.91895737941639 -80.5 77.96285 52
1 0.391494644462401 9.89496320110426 -80.81586 71.22771 52
1 0.39313620309063 9.81870582337247 -80.78769 72.02826 52
1 0.375261352994001 9.83205090998981 -85.7859 60.3321 53.32
1 0.383477167590986 9.93609969710801 -81.039 65.81441 52
1 0.381884865529453 9.80383261778473 -81.07637 64.84272 52
1 0.375957627570431 9.80646933356333 -81.19415 61.74978 52
1 0.376790264712684 9.77527971586497 -81.25869 59.87962 52
1 0.40585659592788 9.90175874398637 -80.38222 81.99371 52
0.398018669318942 0.386553971546177 9.87682055787677 -80.97101 68.62235 52
0.4272897326111 0.380120698777062 9.81396865073121 -81.15333 63.85502 52
0.440876886934345 0.387675129038386 9.7897457313505 -80.97001 68.8653 52
0.437829808726816 0.374492117283685 9.67316120140656 -85.98164 58.85676 53.55
0.509315331327954 0.388948443153943 9.98995332248761 -80.97001 68.88134 52
0.43724840588385 0.367754959020938 9.7740306722322 -81.48083 54.20437 52
0.417584258558715 0.394215164140439 9.99228738426864 -80.77526 73.97308 52
0.439627459227422 0.391612381339138 9.81667084179137 -80.97101 69.16265 52
0.460500302147895 0.385209027713437 9.83898521563328 -81.01083 68.35286 52
0.402046893111507 0.392652601771507 9.82992455279426 -80.78869 73.89321 52
0.408008086964795 0.383320226083847 9.85889378450241 -81.07537 66.80626 52
0.469914253067917 0.389357895250377 9.8626504257012 -80.97101 69.63663 52
0.491624123997161 0.376536472562924 9.79738263949464 -81.25869 61.89552 52
0.445605303928701 0.383345831789689 9.76748347386064 -81.12861 65.58819 52
0.481934606610201 0.372772447373572 9.83799131305341 -81.37547 58.82326 52
0.403539488361551 0.386574495517694 9.77920183306611 -81.08779 67.04594 52
0.396162438285004 0.387016358879044 9.791461854696 -81.07537 67.59828 52
0.401714701996945 0.382992665722332 9.84826281073174 -81.19315 64.607 52
0.543505515372274 0.376528422763985 9.92100905640223 -81.33565 60.56908 52
0.406385047774904 0.413837180882272 10.059255207371 -79.95614 92.40006 52
0.392040785575458 0.366465304947452 9.66586325993855 -81.58619 52.89374 52
0.508392035008193 0.393348272329636 9.88703671172859 -80.89305 72.55345 52
0.404088981354435 0.386223065636902 9.8552620201592 -81.07637 68.31951 52
0.557484951003625 0.375405801969937 9.6915644684564 -81.37547 60.15586 52
0.630494923816639 0.381063584497671 9.7924640908012 -81.25769 63.55143 52
0.57567183309235 0.384366520396725 9.81151569349846 -81.14436 66.86117 52
0.404719006965027 0.384336877013222 9.77088484410756 -85.68054 67.71181 53.32
0.396513175557041 0.387316534329291 9.75952791051683 -81.10354 68.1823 52
0.386212038015622 0.383543457129721 9.93691713892909 -81.25769 64.21439 52
0.189349547896802 0.395858571525316 9.94944940347356 -80.89305 73.79694 52
0.199681960695398 0.376374796610689 9.84238956404976 -81.37647 61.21635 52
0.218791233232098 0.390184334221543 9.92115957712949 -81.07537 69.4198 52
0.179954010375614 0.385261090876748 9.78398941629936 -81.18073 66.78995 52
0.208519404311019 0.386394337293962 9.79026224054962 -81.14436 67.92455 52
0.217116338156111 0.3936171412583 9.89639706318093 -80.89305 74.21114 52
0.162381331448284 0.377305580596911 9.69734936477535 -81.36305 62.03236 52
0.271948543572647 0.390994746851655 9.89753362749831 -81.07537 69.88221 52
0.18216804749755 0.377523425146966 9.75320826441992 -81.36305 62.25472 52
0.161595641856747 0.391180345023627 9.85847218683429 -81.01083 71.8072 52
0.160302846775611 0.394224247646556 9.86467787580308 -80.90547 74.3711 52
0.191342850084703 0.374535886344779 9.41924819285657 -85.98064 60.44089 53.32
0.158263540576443 0.36886991690078 9.7560298387897 -81.61436 55.28442 52
0.159143525727712 0.375869468439206 9.84634864043974 -81.35485 63.0858 52
0.250827647785469 0.38443169760936 9.85920565174679 -81.15333 68.60094 52
0.169032493835921 0.380095186207501 9.86081734391818 -81.29851 64.75444 52
0.174107520152678 0.401175344349871 10.0179224215288 -80.74786 78.37804 52
0.206494372630061 0.379470775571408 9.81546478813152 -81.37647 62.71397 52
0.19523996593204 0.402997313147822 10.0124685588005 -80.68333 80.06255 52
0.225884006288925 0.380357430578204 9.80557932321031 -81.37547 62.99318 52
0.170056197413389 0.381639522948399 9.79940379663303 -85.96822 64.61532 53.55
0.170030984397178 0.396165292758439 9.85955787800885 -80.89305 75.40949 52
0.255759920934376 0.397753104449765 9.84882879900334 -85.49722 74.71852 53.32
0.156638218394633 0.368491334972429 9.83950331977235 -81.61537 56.02152 52
0.257933499426372 0.385191339223819 9.81767305320258 -81.25869 66.40087 52
0.166474586981757 0.370672327057066 9.77052662767594 -81.58619 57.00313 52
0.16554377499051 0.3895146228652 9.86729843921233 -81.10454 70.86585 52
0.305374112976703 0.382962439062523 9.72080937546294 -81.29851 66.02244 52
0.180830609613129 0.376942801133235 9.85695130694824 -81.46021 61.88987 52
0.232755335318303 0.387130892121974 9.85604743381372 -81.25869 67.50295 52
0.175315034860529 0.385112028144313 9.88899999216273 -81.29851 66.4803 52
0.218777108752173 0.391432778029613 9.9585419386141 -81.19315 69.29437 52
0.187629285601494 0.317572194551917 9.30600685035435 -82.532657 4.617068 52
0.19227817385844 0.38728349496297 9.85704553926012 -81.25769 67.79479 52
0.175184265252912 0.382404265783529 9.8535853345985 -81.39122 64.21987 52
0.230343052377155 0.407310579281493 9.96466749664545 -80.63454 82.63885 52
0.237483391909967 0.39673340371085 9.91631036390316 -80.95759 75.47561 52
0.175659466840994 0.376117744303065 9.83037510969117 -81.48183 62.02438 52
0.187187042662972 0.393775024564752 10.0626502655043 -81.07537 72.78089 52
0.162093553628716 0.389096108772016 9.86125855693524 -81.25869 68.18566 52
0.259171271554369 0.404487932435383 9.8869225733128 -80.68333 81.92776 52
0.157924498151382 0.371587608234485 9.78548390434239 -81.66416 56.97888 52
0.205799252753319 0.331465061559888 9.45300702134337 -82.51691 14.29454 52
0.193890726685953 0.391261268646974 9.86284080208217 -81.19415 70.33144 52
0.276088336526961 0.382843708913721 9.84412049519221 -81.37547 65.68952 52
0.18551320555767 0.382959288881363 9.90566246485261 -81.36305 66.16291 52
0.159935383848148 0.370293627869529 9.82848441152275 -81.73215 55.36338 52
0.156294360117568 0.390725726094005 9.82158343589691 -81.19315 70.62026 52
0.16811309204781 0.379243986220191 9.88818359220859 -81.48083 63.38303 52
0.168290416083479 0.377337398093408 9.87294732057525 -81.54983 61.47384 52
0.158357557661264 0.385122650796957 9.9077509233915 -81.37547 66.37655 52
0.223654066289244 0.392481823435177 9.8426698051587 -81.26214 69.43363 52
0.160659297811388 0.390688506124383 9.86715402538831 -81.19315 71.38787 52
0.15739251285921 0.390611085927541 9.71592360604923 -81.19415 71.69243 52
0.162782198365856 0.378512970101998 9.75409716657038 -81.59862 61.58418 52
0.294648478295116 0.381811094419066 9.9050850482044 -81.48083 64.92707 52
0.166979596732889 0.374234717049274 9.61489838728682 -86.19136 60.16884 53.32
0.302158928484631 0.386886014600884 9.82549818232781 -81.36305 68.44343 52
0.163681218755834 0.392780973572277 9.76409580802735 -85.86386 72.68744 53.55
0.219391901778709 0.377366582408595 9.71779554176819 -81.66416 60.56738 52
0.196021724386492 0.398889009723347 9.86737836110187 -81.07637 75.97598 52
0.181846944338836 0.390421857990216 10.0625253758324 -77.82791 70.11681 51.52
0.180663571791534 0.323501133267073 9.59110377685286 -82.686807 7.921479 52
0.25985338690873 0.327904517277551 9.24730291058704 -82.68681 10.36434 52
0.237808924280519 0.327295487790549 9.29893730331334 -82.68581 10.56601 52
0.197740412600139 0.381740974224515 9.76975381718041 -86.086 64.80742 53.32
0.188538580926848 0.384926524232594 9.91785632739842 -81.48183 66.6247 52
0.193571305945517 0.375520059671837 9.78832349131401 -81.66416 61.60636 52
0.215260806333359 0.374711470133453 9.99031559119599 -81.73215 59.74084 52
0.232569168318222 0.383150571452063 9.70054060929599 -81.53408 65.65673 52
0.243471728142038 0.382350615888468 9.88185902637356 -81.54983 65.23667 52
0.219515128614452 0.387216402201171 9.88945812018949 -81.37647 69.80613 52
0.289281141011654 0.40642039568996 9.92003748770103 -80.78869 83.44921 52
0.155622494366813 0.371242587323479 9.84555876727987 -81.82176 57.45231 52
0.16467691741235 0.371039764534615 9.76911449922619 -81.8863 56.01585 52
0.197406621484135 0.394486445400118 9.72614945763117 -81.19415 74.84743 52
0.214493387204323 0.39507336339373 9.84329353122375 -81.29851 72.3683 52
0.188657615546105 0.397464919563401 9.98546330229422 -81.2089 74.62266 52
0.198401899585726 0.394091247922974 10.0185299906674 -81.26214 73.37464 52
0.173398903627798 0.38196956149487 9.79611583082083 -81.58619 65.06606 52
0.203550312549643 0.389238570936957 9.89203665237665 -81.41629 69.57913 52
0.221121475279807 0.376683405325787 9.6079833129629 -86.33832 61.7293 53.55
0.18366485472909 0.380300269714626 9.70572342323885 -86.26933 64.13226 53.54
0.168801492899494 0.376924383637409 9.91880096191893 -81.73315 61.3641 52
0.154648078660371 0.386813894113771 9.95439847220502 -81.48083 68.31637 52
0.176124694696251 0.38792592704114 9.75985424532024 -81.44101 69.52702 52
0.210655236881384 0.392130783169263 9.86457432622965 -81.37547 71.36709 52
0.174179105641333 0.378755358523852 9.85419746497541 -81.66316 63.84179 52
0.170405444368693 0.392066951287291 9.72241227861013 -81.29851 73.37692 52
0.177580398845868 0.389692418466616 9.77007935074044 -81.48183 68.8199 52
0.331417059132447 0.409439635680797 10.123368747737 -80.72315 86.51366 52
0.266495482084604 0.404648249933338 9.9501158886699 -81.01083 80.4739 52
0.297998484489684 0.379163148704219 9.7380196646237 -81.73315 62.60341 52
0.157622306839796 0.380271801332847 9.87392180444327 -81.70398 63.71903 52
0.269668401876333 0.36322560848762 9.54122469731356 -82.17498 48.93925 52
0.190931801975229 0.379306143029254 9.86117084145684 -81.76852 62.2086 52
0.171954511924674 0.391077622508014 9.72916415863224 -85.98064 71.34967 53.32
0.223852471482903 0.375946558553011 9.87236192575638 -81.82176 60.97673 52
0.235662768829987 0.386426388820122 9.75694124583213 -81.53408 69.13119 52
0.186093068897386 0.385322353708915 9.80157154965222 -81.58619 67.94109 52
0.278964343764228 0.404307780100012 9.87457960033822 -81.07537 80.25393 52
0.249432774225875 0.366675137919423 9.71068191643796 -82.06962 53.91536 52
0.20650957443825 0.376551940584265 9.55199469971063 -86.45165 61.75257 53.55
0.162850519723061 0.312738458040878 9.35743205228817 -82.88833 3.72165 52
0.295205035086768 0.388436226821832 9.88681914109665 -81.58619 68.53948 52
0.240591729518734 0.379189089472577 9.84220460904953 -81.82176 62.11305 52
0.185629070298149 0.389835641602167 9.81069856108512 -81.54983 69.51345 52
0.161595575179321 0.369448747017001 9.75423731920312 -82.06962 54.72258 52
0.159792762904331 0.383529372023057 9.75140954786557 -81.66416 66.83368 52
0.157747165449115 0.30314302119941 9.07701433158518 -80.96304 3.064534 51.71
0.156058693160495 0.396773108863152 9.77370568575051 -81.37647 74.21168 52
0.209068463621256 0.396317801394584 9.95810520006068 -81.41629 73.43138 52
0.210311465724133 0.378373972962938 9.86251049484413 -81.82176 62.84876 52
0.189115094277698 0.394456260753417 10.0083643876597 -81.46021 72.51995 52
0.187566012322547 0.383252940641294 9.78732185910633 -81.76852 64.54571 52
0.250539093231197 0.393938945045408 9.91990834225717 -81.43204 73.41442 52
0.184474210105181 0.3920982268234 9.70539823633185 -86.02046 72.34497 53.32
0.169510214679547 0.373021233791304 9.80254517253671 -82.01983 57.66546 52
0.164822561496874 0.399932681637736 10.0137445261192 -81.29851 77.30765 52
0.167812628241569 0.365735366988961 9.70755582210379 -82.17498 53.50804 52
0.279249052890115 0.384665033622387 9.68310885765703 -81.76852 65.71946 52
0.109910260966878 0.373835316883576 9.88344175869602 -82.00508 59.07084 52
0.368095778617077 0.38515814128967 9.89676526885256 -81.70398 67.6252 52
0.120202568911068 0.399422477061291 9.87860164208134 -81.29851 77.61229 52
0.186929113472987 0.38247097499844 9.68451176472194 -86.3239 65.38572 53.32
0.110482395359826 0.395511478792936 9.95783061322474 -81.48083 73.62631 52
0.124398408887925 0.374166557783132 9.81683279479262 -82.00408 59.89876 52
0.105857604814853 0.348004779175958 9.40816144612545 -82.68481 33.95166 52
0.199473781132768 0.365816092130048 9.6353991044867 -82.25194 52.16427 52
0.165187132889622 0.38491244614249 9.80712842572014 -81.79769 66.06953 52
0.130868682306568 0.378270553640955 9.74593163542195 -81.8873 63.95186 52
0.112494245608102 0.396894970242127 9.96719594580937 -81.41629 76.06192 52
0.111007329521409 0.386129907319109 9.79038498369618 -86.19136 70.40027 53.32
0.124555494464157 0.383237938393459 9.78286580104486 -81.86568 65.10452 52
0.112096582444429 0.397078905910297 9.93164347727185 -81.48183 75.00584 52
0.108859444636096 0.380387593575897 9.96542477683225 -81.95084 63.08917 52
0.118018531097106 0.400712518121547 9.93313927979559 -81.43204 76.52238 52
0.192880696217039 0.389793545702578 9.80702591052632 -81.70398 70.00431 52
0.104866443757246 0.39332389068978 9.719232600912 -86.19136 71.27937 53.32
0.109264931583326 0.371082831847382 9.67674001625647 -86.70119 56.50559 53.32
0.109702568155525 0.383965393498384 9.87805788713862 -81.8863 65.6587 52
0.106638082894204 0.382539706526802 9.84632280201541 -81.8873 66.158 52
0.109372465341873 0.37890272401673 9.82255623832144 -82.00408 63.0147 52
0.146847505485902 0.389266157742123 9.75693031209116 -81.70398 71.11115 52
0.115390120358328 0.3787901026486 9.82095067197342 -82.02083 62.77287 52
0.104442035389728 0.367985511528768 9.64628178452217 -82.27934 54.98052 52
0.160167925344618 0.386134712476217 9.79438387599351 -81.8873 66.59385 52
0.119659589597797 0.370204819074399 9.92215281305218 -82.29176 55.3646 52
0.106511103641306 0.383440927950942 9.87533763336168 -81.8873 67.75946 52
0.174083154571288 0.386799778456535 9.9154265481725 -81.8863 67.88906 52
0.389915244056824 0.375244321533053 9.94942716799098 -82.17398 60.31806 52
0.123774273910085 0.398464059523443 9.81087250833962 -81.59962 75.74115 52
0.108816261979661 0.375164427374935 9.71810912577507 -86.70119 60.05301 53.32
0.111176161593498 0.396826961127797 9.78443567429472 -81.66416 74.44235 52
0.127189970900573 0.363418498076043 9.46458307703701 -86.98887 50.73906 53.32
0.111123059391653 0.381315196007653 9.80338260147519 -82.06962 64.17656 52
0.115074740685699 0.413671424295682 9.88889988325674 -80.97101 89.61665 52
0.184934957326051 0.393999159594992 9.72537879984834 -81.66416 74.87903 52
0.134585157875888 0.383860377742651 9.70927438105412 -81.99166 66.72296 52
0.116629825370879 0.384363456711315 9.73253427902353 -81.99166 66.78668 52
0.104908585878246 0.383607309038364 9.81076969223458 -81.99166 66.92709 52
0.113210629484779 0.391342834866806 9.81688948756973 -81.73315 73.67848 52
0.129277604752489 0.388884962348795 9.89496011617234 -81.8863 70.06707 52
0.175046894970423 0.390945613689256 9.89426934563192 -81.8863 70.47731 52
0.109718430227503 0.387596920512732 9.85010573136644 -81.99166 67.81462 52
0.104603597257744 0.365730467266904 9.81117619852627 -82.46166 54.2614 52
0.119220064936661 0.393733982289603 9.93806867279848 -81.83751 72.15765 52
0.118517420126827 0.364834789898113 9.61979195867054 -87.00229 52.76685 53.32
0.236602489773723 0.375160295806035 9.88270664405154 -82.29276 60.03703 52
0.111843486522821 0.393307272465184 9.9158495634064 -86.44268 73.33485 53.54
0.108296055493573 0.399503366046843 9.90440697682217 -81.70398 76.23753 52
0.149394594796238 0.383521836212073 9.72647117140213 -86.65417 68.02149 53.55
0.103920875301292 0.388978836822341 9.93560639379488 -81.95084 70.47725 52
0.120754235870613 0.381905468553354 9.89239137235448 -86.70119 64.56352 53.32
0.141101835583352 0.366357699343822 9.75338037346592 -82.58045 53.09271 52
0.335435280355096 0.392244084548868 9.81667361922991 -81.8873 72.88175 52
0.106964804172201 0.362478155498458 9.76195671851321 -82.68481 49.5359 52
0.118456442475619 0.384776587149827 9.8917846240726 -82.10944 67.33436 52
0.128973995699384 0.377345637597095 9.80031464989123 -86.77915 62.6797 53.32
0.153274243831902 0.377583240396242 9.67859799070582 -86.89793 62.09696 53.54
0.165660745419283 0.383881367044367 9.78448642611572 -82.10944 67.76511 52
0.176304414989872 0.391865354776847 9.8322047218628 -86.47805 72.31134 53.32
0.192969643343052 0.395402347969072 9.90380054286981 -81.8863 74.30204 52
0.176610604531921 0.392057918719301 9.88926403978642 -82.01983 71.08248 52
0.116967802785329 0.385717720187724 9.78777230722607 -82.17398 67.25006 52
0.159785185200477 0.39239731694278 9.90108487533356 -82.01983 71.43194 52
0.104870736402421 0.376407704694741 9.76973090704371 -82.39712 61.34503 52
0.133124052001805 0.375368545238284 9.88479371218965 -82.4253 60.74869 52
0.196338430456742 0.400709978871229 9.82133627263754 -86.25936 78.68254 53.32
0.114444323302171 0.406706315689346 9.92104482925717 -81.48083 84.1328 52
0.144706900406544 0.339943621881041 9.653670712025 -83.31442 23.60746 52
0.139263580061524 0.368314858522438 9.74950657944301 -82.62027 55.47166 52
0.135233772347219 0.371268498757443 9.7848277956136 -82.57945 56.81337 52
0.174441375799888 0.398760104608831 9.83391743354254 -86.41351 75.47934 53.32
0.114724653216598 0.377871385351675 9.7863475570395 -86.88351 62.80502 53.32
0.110195156523241 0.392122528839294 9.85925757176288 -82.06962 71.43733 52
0.10829299485638 0.408710671380828 9.98613142796727 -81.48183 84.93307 52
0.104315170502803 0.379945785685614 9.82116401487707 -82.39712 63.13962 52
0.176661883801726 0.380893247840159 9.73439683104488 -82.3573 64.46123 52
0.126546556122615 0.4081866430143 9.97120274435231 -81.54983 84.06013 52
0.10767807703386 0.368917240596776 9.79861724749326 -82.71398 53.95269 52
0.128731754211089 0.390681538530541 9.84284693711895 -86.70119 69.21789 53.32
0.122726880422149 0.385699906536856 9.87387019053531 -82.29176 66.85096 52
0.0852293425838163 0.390112836760294 9.88044835997941 -82.17498 69.94866 52
0.082601301951454 0.394162387470341 9.82628283340055 -82.06962 72.96786 52
0.0745629048907379 0.357996973708485 9.71210984726918 -82.98591 45.27406 52
0.0744373079588218 0.354581296576053 9.63202795592505 -83.0549 42.44248 52
0.0823897949415723 0.373023787842048 9.61529752022296 -87.18562 59.01588 53.55
0.412174144562621 0.388305560554854 9.83027458251556 -82.24297 69.3977 52
0.0929474712300259 0.392972144676305 9.72599149448539 -86.73036 72.58625 53.54
0.0949899311163681 0.368631487436068 9.66228679923788 -82.80259 53.88143 52
0.0951917549090058 0.390401328474223 9.86337675513615 -82.24297 70.27276 52
0.0744256194438074 0.37278840654096 9.47986044055109 -87.13583 58.81818 53.32
0.0791433998178258 0.311162262858232 9.03920069129858 -83.604551 3.771117 52
0.0753697966552352 0.389994893053008 9.89774342266825 -82.24297 70.3643 52
0.0745640839813048 0.360415638444335 9.59663205916457 -87.54129 48.14957 53.55
0.103482758713617 0.377415320861033 9.75802562774359 -82.58045 61.29716 52
0.0826805391534463 0.384730626487913 9.81405776848681 -82.3573 67.5359 52
0.111784440411221 0.37072301708433 9.55348478452267 -87.18462 57.56653 53.32
0.1228829196523 0.305666794398836 9.26930222230101 -81.691554 2.624977 51.71
0.0779980292789167 0.37798166990239 9.89876853541139 -82.57945 61.81025 52
0.102672590469675 0.317770388686017 9.06619586600194 -83.631269 4.435162 52
0.0786383762053797 0.405832664778542 9.89774601159697 -81.76952 82.2105 52
0.142739059347755 0.383030722066231 9.91400578166365 -87.06683 65.41935 53.54
0.076152150743971 0.384646582273401 9.73769415649414 -82.39712 67.75721 52
0.089833478758856 0.384154444941386 9.84718861548435 -82.46266 66.14152 52
0.0845267039973191 0.372360693367305 9.81506965755325 -82.76277 57.53068 52
0.126869449530856 0.365226194551966 9.78050355790086 -82.93612 52.10098 52
0.073817079593849 0.374786993271311 9.82463714955015 -82.68481 60.53677 52
0.134582623631486 0.371269632964735 9.98135074737159 -82.78297 57.94989 52
0.0770419241948943 0.376971671574539 9.84727819971254 -82.71398 60.51135 52
0.0816433974074995 0.385625401006437 9.52850610868942 -87.08026 66.86213 53.54
0.154716948924641 0.373512914953758 9.80403696459448 -82.80259 58.05297 52
0.0782428915675845 0.395551479448619 9.8449772565102 -82.06962 77.74133 52
0.13563446040128 0.332333492128294 9.33525587414863 -83.68006 15.18685 52
0.0813503194953178 0.344686678487036 9.4002156743975 -83.48331 31.05715 52
0.0770292634943843 0.413694568643667 10.01990481214 -81.36305 93.03335 52
0.085070034515967 0.390737220744049 9.75866259774838 -82.29176 73.14464 52
0.0816385313358867 0.383397716950866 9.73878221395424 -82.58045 65.83761 52
0.157021440725816 0.390813815924084 9.86431549555666 -86.88351 71.19827 53.32
0.0976760592723916 0.381166591474617 9.90580923431008 -82.60762 65.55382 52
0.0842701078520438 0.375081285340794 9.75871654083481 -87.28998 59.65122 53.32
0.185377593799869 0.373176743687709 9.72772619197871 -82.86813 58.29284 52
0.0774678871372508 0.395189676905906 9.9184870855804 -82.3563 72.53407 52
0.124484944369259 0.322685047082595 9.54419440025629 -83.799167 7.174948 52
0.0787655778268227 0.387294020789606 9.77483129953715 -82.51491 68.69776 52
0.126700771131048 0.39225322630189 9.90725344602835 -82.39712 71.75582 52
0.0784181746844593 0.371094387614912 9.82562196503007 -82.93612 57.22118 52
0.0788667386676807 0.320602423734766 9.33931899213348 -83.839989 5.693963 52
0.0737200906045021 0.376219103865107 9.86523630280462 -82.80259 61.7097 52
0.0735811221956212 0.380693734662953 9.73273382518864 -82.69823 64.71778 52
0.0737554891895438 0.369560563427228 9.69512970007635 -82.98591 56.21581 52
0.135572295486051 0.321785182746001 9.31519194425107 -83.839989 7.779408 52
0.0742422355036388 0.382800950752655 9.78820575923331 -82.68481 65.62192 52
0.0739742946301763 0.374644805285658 9.833222634176 -82.86813 60.53446 52
0.118947127355693 0.351234266790892 9.83339090177791 -83.49674 37.41721 52
0.173860375578401 0.39869544723634 9.84973560249212 -86.77915 76.51846 53.32
0.123659127326807 0.371555330234373 9.81869141886266 -82.98591 57.62061 52
0.0979788132545898 0.381460175047836 9.8568875991145 -82.80259 63.39656 52
0.0845733683957793 0.36938148438919 9.64424239698702 -83.05045 55.87686 52
0.147201363263082 0.394841774684098 9.89279176056084 -82.46166 72.65283 52
0.0777147946345326 0.388025183053568 9.9635247755279 -82.57945 69.81542 52
0.104539974519552 0.388803649529686 9.82514647043141 -82.58045 69.86047 52
0.0776948903211895 0.372064550900351 9.76316670336553 -82.98591 58.57398 52
0.162632531825772 0.3064115750487 9.26916506753971 -82.010861 3.519498 51.71
0.0816196747544906 0.400049234022388 9.98543898509627 -82.27934 77.51788 52
0.0976261582487458 0.380403738841609 9.73704229716864 -87.36794 64.51178 53.55
0.0841667109153533 0.385444965688483 9.60667091624924 -87.06683 70.27351 53.32
0.133384116541212 0.369826111533921 9.80613648426435 -83.11844 55.96243 52
0.172208232165047 0.376696887941399 9.73309457810753 -82.98591 60.3246 52
0.0788515204899527 0.386934356206871 9.94380933030291 -82.74934 67.16567 52
0.0819765152787198 0.392416019635388 9.87935467334343 -82.57945 71.85645 52
0.079104224536646 0.409040176644833 9.99402410207106 -81.97104 85.85579 52
0.0865602852131143 0.330531469622635 9.38589503391049 -83.97119 13.0531 52
0.13249259938267 0.398300733517399 9.88402770418686 -82.46166 75.51607 52
0.0760914798299439 0.380179239321736 9.75550077915474 -87.42251 62.60913 53.32
0.101511810093755 0.318944852486832 9.19592746182805 -84.023311 6.002724 52
0.076430531022575 0.391270354151656 9.7761112445866 -87.18562 72.16776 53.54
0.122229979380766 0.398327388629709 9.87831401561991 -82.39712 77.79478 52
0.131584963264544 0.383167182052876 9.79097499128904 -82.86713 66.13388 52
0.0991909313901069 0.383665086556996 9.77152285447572 -82.86713 66.22296 52
0.0911678092316134 0.390880864409001 9.77639514232801 -82.58045 73.84644 52
0.0802027650664236 0.370917545088712 9.72370466409998 -83.15581 58.41234 52
0.0744878680722135 0.387562787883556 9.86425880804078 -82.79017 68.93629 52
0.0877068962323876 0.38725662069896 9.80229713208283 -82.76277 69.7865 52
0.0800044659048447 0.39513822146688 9.70712185162778 -87.18362 73.96455 53.54
0.118602250845758 0.37636639233821 9.81919058995247 -83.0539 62.11179 52
0.159711664041471 0.403539391246487 9.92890572630516 -86.88351 79.21842 53.32
0.0841552295701901 0.393727414597586 9.81017670949373 -82.68481 72.20837 52
0.0817504363861114 0.387611209354287 9.77760987777334 -82.76277 70.4499 52
0.083846530959335 0.378062316066812 9.89537778272197 -83.09027 61.55026 52
0.0775099913705466 0.370621178572267 9.83165190663217 -83.27259 56.29041 52
0.0803236493834912 0.321651129897758 9.42540205231517 -82.215803 6.151205 51.71
0.133458385524046 0.391668608207752 9.70268701137772 -82.76277 70.86619 52
0.0709823776455744 0.392244805843379 9.8540115779175 -82.68481 72.84161 52
0.166285364819871 0.372458267699395 9.87892234158081 -86.71461 57.88368 54.31
0.0719680761817969 0.380805754108169 9.78267400677609 -83.09127 62.46334 52
0.0802446532152032 0.352736346237413 9.5466049077242 -83.71988 40.25943 52
0.0885672244631413 0.375556484611194 9.81570943250673 -83.16823 60.46408 52
0.0757389845065836 0.379396153931877 9.92208037226747 -83.09027 62.76698 52
0.112292963105317 0.393071717829104 9.88999652502867 -82.76177 71.8338 52
0.119919449822436 0.402110600823401 9.90045892971703 -82.46166 79.15438 52
0.105562195714982 0.375455433941092 9.8118285528195 -83.19563 60.21815 52
0.105975611633892 0.378746129543325 9.82320522488129 -83.11844 62.88753 52
0.0720028159627894 0.399705530246531 9.98264055419291 -82.56702 77.27479 52
0.0657703396560506 0.388375540906352 9.754557649546 -87.35351 70.09374 53.32
0.118676084725645 0.38720866071045 9.80669590258747 -82.97249 67.79842 52
0.0677214951460413 0.34995937511612 9.70033027081949 -83.88978 35.6461 52
0.0907525605985296 0.309866375466244 9.13906893905159 -82.322617 2.964765 51.71
0.0806278152382736 0.392037641665816 9.7113390273273 -87.3024 71.72453 53.32
0.067497573395954 0.333039580429864 9.22567412896452 -84.18988 15.27955 52
0.0773429997855055 0.347996301543315 9.71576682385552 -83.96674 32.44344 52
0.066918025403498 0.393890736470645 9.84064489108588 -82.80259 72.80006 52
0.0694607923220785 0.377579820635834 9.70664512871184 -83.2238 61.52829 52
0.0777950679226871 0.371123227545013 9.70984240148263 -87.7998 57.55877 53.32
0.0701149392072248 0.368809533018389 9.66499360203998 -83.39138 56.60049 52
0.0771701226514747 0.399449351979707 9.90223292936318 -82.68481 75.94444 52
0.0968995129386181 0.379300507017653 9.88626561500738 -83.18298 62.9762 52
0.141362372494718 0.374818422574151 9.80446274187561 -83.27359 60.49968 52
0.103190279909407 0.393602446195115 9.92903888689252 -82.68481 76.21093 52
0.0945979687391008 0.381124464251985 9.97371790305807 -83.14684 64.55238 52
0.0657529304777749 0.386199297312163 9.7842971408305 -82.98591 68.99662 52
0.102076316026454 0.300615079553328 9.07860133207471 -82.38816 2.54536 51.71
0.070774976252118 0.374740495580054 9.39559669403128 -87.75998 60.59434 53.32
0.0655771889390203 0.396200123419683 9.81369807434259 -82.81834 74.02411 52
0.0789781156363813 0.365133507742562 9.64932489468328 -83.56128 53.14993 52
0.07015376510789 0.350792806818103 9.52653454006628 -83.91795 39.16309 52
0.0951209469331909 0.348691965585576 9.53055372273043 -84.00756 35.26609 52
0.0665534931359257 0.382401913749168 9.73758050288866 -87.69544 63.97203 53.32
0.0667356358736087 0.31041965424626 9.11694662725391 -82.453695 2.273423 51.71
0.0695855405396753 0.381733170054041 9.77894496220022 -83.27259 63.61147 52
0.0787253043768155 0.389679373758019 10.159089090341 -83.0549 69.8321 52
0.0669205925419373 0.386174603870351 10.2504244888326 -79.71724 67.8036 51.52
0.166587338811579 0.389755495249854 9.96837935422478 -83.06965 69.71467 52
0.0658250116416095 0.351288297060807 9.6459499438445 -84.02231 37.75587 52
0.0666921711544665 0.391396405574041 9.77216536281651 -82.98591 72.15404 52
0.0719173131960117 0.386292113333048 9.88819697098242 -83.15481 67.77781 52
0.0702994500876071 0.368598945781657 9.86310583178694 -83.61352 54.09262 52
0.0692967646102356 0.381872508582045 9.84713843238472 -83.31341 64.47229 52
0.066860530109314 0.379310239282795 9.8300763837637 -83.37895 62.66608 52
0.0615243396555352 0.338857738291807 9.60457700318172 -84.32442 21.68698 52
0.0607246376408273 0.320550102241719 9.36943829597768 -82.532657 6.947994 51.71
0.0603556903520243 0.353775641530987 9.43636594584379 -84.00756 40.91488 52
0.0572347195883176 0.38916472920508 9.85295911311308 -83.16723 68.98891 52
0.109662652612529 0.385830081537841 10.5873939607629 -83.27937 66.11367 52
0.110977232702015 0.379636685635385 9.77218181520096 -83.41878 62.19181 52
0.107547778985496 0.377719839984003 9.87481357175223 -83.44795 61.41678 52
0.0585375057650784 0.36887492433346 10.2401651482636 -83.67009 55.2973 52
0.0701746489919358 0.399052005913538 9.84991202749591 -82.86813 77.3145 52
0.0715993397927466 0.38758096344839 10.0707722752601 -83.26462 67.42598 52
0.0593223500325169 0.41849855030226 10.0810431279976 -81.71973 100.5892 52
0.0680437428071578 0.386820411951005 9.83052429163163 -83.27259 67.8149 52
0.168199825080887 0.382809984618697 9.91937555761136 -83.31341 66.75722 52
0.109408555290885 0.374022274568653 9.76454838496893 -83.56028 59.78411 52
0.0761403423402405 0.376515465958566 9.76770970783237 -83.49574 61.74284 52
0.128696522638284 0.363294100911616 9.57862005787075 -83.86138 50.4172 52
0.0889709169662168 0.398274877249889 9.90515946353532 -82.98591 75.75003 52
0.0563657261020287 0.364211110119147 9.6601405859557 -83.84796 51.06494 52
0.0623820520243333 0.393042560119833 9.75013791203586 -83.15481 71.84593 52
0.0621683031986886 0.392969403866495 9.71601621106808 -83.09027 73.89671 52
0.0596571662548393 0.378620746022647 9.91917299607554 -83.56028 61.25449 52
0.0989178585014314 0.38771034318725 9.78037903164005 -83.27359 69.2745 52
0.063179055505631 0.397212847581387 9.82577922448075 -82.98591 76.66968 52
0.0570339936464942 0.372611240890522 9.81437170275923 -83.71988 56.97427 52
0.317060281984449 0.387069376988309 9.65430273148497 -83.37795 67.46895 52
0.0564945103053486 0.392589527857333 9.89794867839954 -83.20805 71.97457 52
0.0517103700861314 0.382003893763311 9.88500439051827 -83.49574 64.36669 52
0.0481056432437197 0.369014509890732 9.80807583664258 -83.80362 54.98138 52
0.133501053889269 0.374786275463426 9.8921222123793 -83.62927 60.67438 52
0.066933829956363 0.382074223082241 9.73255497068104 -83.49674 64.93764 52
0.0527814790391251 0.371412710487877 9.90605286340999 -83.73463 58.00033 52
0.0588972553697391 0.3843345089353 9.67368396311768 -83.45591 66.36992 52
0.0678520183541515 0.370064056098892 9.82269489875789 -83.83666 55.17917 52
0.0642688943248877 0.379710661700929 9.73592420329805 -83.56128 63.90696 52
0.0474548213184498 0.378696570283949 9.83920441032268 -83.63027 61.98658 52
0.0526540100654908 0.375695364289282 9.6906479364845 -83.67906 60.67306 52
0.231195119250466 0.389027750945547 9.82846794993449 -87.7998 69.78634 53.32
0.0499727978111034 0.384114662602885 9.70744143355417 -83.45591 67.15957 52
0.0541493689388091 0.370358690320711 9.71850087990268 -83.78342 57.66801 52
0.0635322706844371 0.32757786510845 9.07014444749241 -82.7548 11.04508 51.71
0.0816178101280085 0.387403197088596 9.82883247897851 -83.48331 66.6004 52
0.0479317731714918 0.373336519761135 9.48673437125002 -83.7638 58.49611 52
0.0502957718001913 0.378546056655554 9.59358345664976 -83.63027 62.74435 52
0.0473862419171215 0.38505934700669 10.2734023278852 -83.49674 66.65096 52
0.0779962074670064 0.374260102230097 9.70443618462173 -83.78342 58.38657 52
0.0766581549805111 0.37184358611438 9.85737064418865 -83.78342 58.52402 52
0.0480970787771426 0.370306740651271 9.7780807822427 -83.84796 56.57398 52
0.0506753542515931 0.371819812737658 9.74100246451821 -83.82424 57.38804 52
0.0601773622047782 0.379855670943492 9.93621578121951 -83.66664 62.40539 52
0.0571756730056211 0.395143399484157 9.80413524343467 -83.27359 73.20599 52
0.0497842060630505 0.380837800218866 9.66099478825325 -83.63027 64.20856 52
0.0490358622225858 0.338469610337109 9.31658084651739 -84.63517 21.92828 52
0.0583014895751019 0.371133621932616 9.79017150287295 -83.88878 56.98775 52
0.0485010128172632 0.339040736129166 9.92297156404109 -82.7548 22.04158 51.71
0.0611925210447981 0.392353258107434 9.77628857808917 -83.37895 72.03168 52
0.0981601412934421 0.382849435626105 9.85532357673363 -83.62927 65.40961 52
0.0558644296565374 0.385559062122187 9.82462746719629 -83.53656 68.25814 52
0.0678523802046154 0.382938009132812 9.84749176302836 -83.66664 64.97542 52
0.0838889467004384 0.376941855646903 9.73350603193018 -83.78342 61.96045 52
0.09740276984668 0.386334147259773 9.94361442719362 -83.55231 68.45978 52
0.0423698178991346 0.387614151988566 10.5802569215635 -83.5777 67.80144 52
0.0420115642219626 0.341318615624102 9.70582965497052 -84.65092 25.63671 52
0.123353717229362 0.379044986864683 9.7783867529313 -83.78342 62.06739 52
0.106554417827032 0.401153922095471 9.92992014388634 -83.09027 79.93426 52
0.0475385756830047 0.375633339637433 9.81190666768966 -83.88978 59.04292 52
0.0657817158506992 0.370581465367502 9.7005295908499 -88.45313 57.49745 53.55
0.0576664045349803 0.390531817104515 9.90386971908087 -83.49574 70.31894 52
0.177554430684966 0.339942674631513 9.66806360256537 -84.70071 23.41898 52
0.102023472431339 0.369327882240222 9.89952868458979 -84.03673 54.76982 52
0.0459096676404395 0.384625925892013 9.8334208261621 -88.08748 66.53228 53.32
0.0489524826954319 0.377063952175915 9.92190409890896 -83.82424 62.20695 52
0.032813884714175 0.380581519692634 9.83200496836113 -83.78442 63.40685 52
0.0316468252605895 0.397111295630363 9.94265764893892 -83.37795 74.22992 52
0.031742986143156 0.3166305779731 9.48962460279911 -82.976943 4.292724 51.71
0.033764140728896 0.381951989604294 9.80583820636546 -83.7436 64.66438 52
0.0698703824727067 0.319043986119851 9.28867097282723 -82.973489 6.049689 51.71
0.145342388009915 0.373070934488951 9.84017509146917 -84.00656 56.85242 52
0.0540524302221524 0.386268074520599 9.61334510195675 -83.6021 68.64337 52
0.0317203857152445 0.388838908602776 9.61194003178529 -83.56128 69.74013 52
0.0320364408986148 0.383843641632411 9.6715598643507 -83.71888 65.66793 52
0.0339572854558957 0.388415091421516 9.93534880935433 -83.6011 68.98587 52
0.0362852589275801 0.398514618323441 9.93415572410796 -83.27259 77.23323 52
0.0336372078524662 0.372565732055445 9.68254797255907 -83.96674 58.63027 52
0.0690421410214345 0.38535013910414 9.82033006524414 -83.67009 67.31415 52
0.0335502736322446 0.388066978588937 9.79466857942359 -83.6011 69.1629 52
0.101796301275825 0.386096472205741 9.60735595316371 -83.63027 68.4256 52
0.0989716792311153 0.37349386136692 9.63596787237799 -83.96674 58.83929 52
0.0325043211502494 0.379662782942852 9.60766106571117 -83.86816 62.11804 52
0.0478055137081804 0.355861500629797 9.501456083576 -84.39241 44.30614 52
0.0319347408405944 0.399911414140665 9.989286294816 -83.2928 77.53267 52
0.0318478568342265 0.375241820850244 9.85809120652306 -83.95777 59.88347 52
0.0292902759938353 0.399587925267229 10.0180381385436 -83.30176 77.42053 52
0.0323869016505094 0.383003890937933 9.67509987704674 -83.78442 65.12247 52
0.0289167275938215 0.390075687575947 9.78823860995418 -83.6011 70.09202 52
0.0426246763465703 0.383823052774225 9.9064482897995 -83.74705 66.19454 52
0.053276434248026 0.376120451288161 9.67703066997603 -83.91795 61.37708 52
0.0605521494985985 0.379396408129121 9.81925322435797 -83.88878 62.24849 52
0.111378634757458 0.385815202936275 9.85421335387538 -83.67906 68.24218 52
0.0404649942152921 0.35645344322118 9.73147576191878 -82.51491 43.94457 51.71
0.125888717336762 0.319737510389534 9.00878869048573 -83.042482 5.453964 51.71
0.029221959460714 0.380489241326419 9.95321237932257 -83.88878 62.41683 52
0.0450760981998474 0.387884531534367 9.7639575055936 -83.66664 69.07946 52
0.0395815114859785 0.316818708033178 9.54808969505418 -81.626015 5.131115 51.52
0.0313708120043128 0.373397665351502 9.82915587450709 -84.0711 58.02184 52
0.0308541129495036 0.388553657481244 10.0935400138366 -83.67906 69.31143 52
0.188079076845416 0.348266205513767 9.81647846172558 -82.7548 35.0004 51.71
0.0369619868490557 0.390358266383474 9.81566878760422 -88.08748 70.07274 53.32
0.0290886228221456 0.376873286326389 9.51892879165066 -84.00756 60.28643 52
0.0297977527633275 0.356337922299199 9.71749065640311 -84.4412 45.20749 52
0.0664431538252903 0.388483054786986 9.76090426449689 -83.71988 68.49812 52
0.0339327392690171 0.404181010444466 10.0272129439275 -83.24888 80.10135 52
0.0449533483728365 0.384550766638926 9.76744678848221 -83.81259 66.07 52
0.0305739678714028 0.376129111994097 9.71659660994013 -83.96674 61.75159 52
0.230358744949701 0.387890972332677 9.79739330109069 -83.70646 69.08545 52
0.0292250296143549 0.377554684925441 9.96533789020308 -84.00756 60.66079 52
0.0349960968920774 0.379366599382013 9.70426347731408 -83.91795 63.42269 52
0.0281445382760051 0.389059552793003 9.91453967325961 -83.73463 68.55752 52
0.0319151152627887 0.371786162719633 9.80701530280565 -84.14009 56.72409 52
0.0375661487234029 0.376217578924989 9.62909883982999 -88.44516 60.09001 53.32
0.0292193136174238 0.377170804981465 9.91279495529529 -83.96674 62.15441 52
0.0407675697666025 0.343386302485258 9.73625322592175 -82.90795 28.24188 51.71
0.0281768880170189 0.377178711912421 9.88628982234297 -84.00656 61.20243 52
0.0294891528513529 0.384904487638055 9.82780221399636 -83.82424 66.46442 52
0.0294411669383719 0.39306427698871 9.82901813360642 -83.6011 72.40203 52
0.103121132596626 0.386609705880088 9.82706576171146 -83.78442 67.63959 52
0.0403801824105983 0.372829363033636 9.68678684920154 -84.0721 59.46287 52
0.0332977763049195 0.371418310522893 9.81139642804156 -84.14009 57.52273 52
0.0264606305374166 0.394930566839637 9.88755640740678 -87.98212 74.15546 53.32
0.0268098562888307 0.380997576687882 9.85618627046426 -83.9012 64.82686 52
0.0289148819072106 0.388339311683015 9.99289740418975 -83.71888 69.78631 52
0.0348645196407392 0.40075591395866 9.95364705595642 -83.37795 78.28018 52
0.0278819555693697 0.387125769467425 9.76092061433687 -83.78342 68.4615 52
0.0300195546440951 0.37780818394134 9.77927528762573 -84.00656 62.32063 52
0.0264797289647266 0.385199960235859 9.92379441427932 -83.9012 65.41894 52
0.0316851896181262 0.393864921860779 10.1449160454434 -83.62827 72.74154 52
0.0311178482058736 0.312297772931603 9.41416815903782 -83.17224 3.065115 51.71
0.0271125927489782 0.376127336386385 10.0328116225073 -84.0721 60.63293 52
0.0274863993997403 0.398253151696228 9.99189828222685 -83.49574 76.11683 52
0.0275919501884926 0.380593980252992 9.79371543793246 -83.96674 64.11066 52
0.0300566467726506 0.374972463080015 10.0091346012882 -84.11192 59.85078 52
0.029458124417896 0.385152704677302 9.86572548004087 -83.88878 66.37979 52
0.0286137537420176 0.329154030796234 9.28132601345303 -83.16026 11.24742 51.71
0.0343827633712344 0.3861910813002 9.76628408685333 -83.88878 66.47589 52
0.0305082634493512 0.364357186264474 9.58654080610158 -84.37221 51.50381 52
0.027267461550455 0.385279496174313 9.71635536250525 -83.82424 68.49277 52
0.0305538014863626 0.369975667721358 9.73982395271698 -84.21806 57.25776 52
0.0266250666698562 0.39928064589212 9.93126691527326 -83.56028 75.49476 52
0.0266845055459653 0.385640104037571 9.79037119578178 -83.86816 67.70702 52
0.0268175826489177 0.375683341029256 9.68172591507024 -84.0721 61.98631 52
0.0266438976130721 0.31457801429014 9.22601948788433 -81.77397 3.923029 51.52
0.0276089314114245 0.350987103160454 9.63762418674331 -89.10094 38.11031 53.32
0.0563300389397581 0.375902790161296 9.75484649714272 -84.18988 58.48915 52
0.0561389067941201 0.387038577086752 9.80345930298134 -83.9012 66.96967 52
0.0274113269807022 0.366776905238845 9.81383849628145 -84.34749 53.40557 52
0.0270903193234792 0.376009265529523 9.63743828329206 -84.11192 61.02214 52
0.0307620064670872 0.369092473678012 9.63098351221782 -84.30667 54.86799 52
0.0333637511043235 0.339043614787397 9.75718621479235 -83.09027 22.90449 51.71
0.0379468022893884 0.390020393405625 9.7902222692196 -83.78442 70.48752 52
0.0364922173798549 0.318749580720487 9.37361562224759 -83.235453 4.605656 51.71
0.0423979127527184 0.334280723311484 9.11995199117598 -85.05638 17.28177 52
0.0271056601724514 0.393053782827254 9.89748276549673 -83.71888 72.35213 52
0.0300632317632126 0.388857448504324 9.87044333828543 -83.88878 67.98244 52
0.0269583740026538 0.371954285355298 9.87292902225428 -84.21705 58.45871 52
0.03275476823091 0.369537004067542 9.6424494115747 -84.30667 55.56943 52
0.0335406614103315 0.387015239383523 9.8061140863641 -83.9022 67.77841 52
0.034632760784212 0.400389743337899 9.9019588768195 -83.49574 77.97296 52
0.0266724862117061 0.358982277967539 9.64347739653584 -84.54556 47.70747 52
0.0263583627204397 0.380586166692865 9.82897681209743 -84.0721 63.52893 52
0.0264048502494005 0.350274338289427 9.53508630160921 -84.80507 36.81027 52
0.0378931733183949 0.386047706573354 9.78316975407354 -83.96674 66.65618 52
0.0301442116315973 0.388488119847807 9.74638457234477 -83.9022 68.68684 52
0.0283668467705992 0.392524709640643 9.71814444598474 -83.78442 71.97189 52
0.0329730343870037 0.389764601986189 10.026620434868 -83.83666 70.65364 52
0.024128272324563 0.388266533138969 9.79658951579672 -83.84796 70.4197 52
0.0269551063813271 0.372464184085811 9.776344980455 -84.32242 56.78057 52
0.0285740440625221 0.368502612528547 10.0169653216255 -84.39241 54.83087 52
0.024572178716137 0.373664079825396 9.84186288974773 -84.29424 58.05112 52
0.0266964722738614 0.377042673128297 9.90969424834917 -84.18888 61.51411 52
0.0282528923181118 0.391292720622436 9.90688325114945 -83.88878 69.89748 52
0.0256921784647634 0.377682960638982 9.52579699511675 -84.16926 62.41452 52
0.0244048845403387 0.39656528526064 9.90001752357814 -83.67009 75.68842 52
0.160029357987595 0.380803618320466 9.73656297554958 -84.14009 63.41876 52
0.0339396856276926 0.384979067110985 9.76863002187086 -84.00756 67.24122 52
0.0255377672993249 0.386701494012569 9.76577014787731 -83.96674 68.35111 52
0.0238227822140769 0.384418101726058 9.7031722387344 -84.0721 65.50304 52
0.0252057278019522 0.384203249911062 9.86553761077694 -84.11192 64.58069 52
0.0290997611329403 0.396543754174466 9.91779116097355 -88.21869 73.0557 53.32
0.0296174268466847 0.381886874246401 9.86284144331138 -84.11192 64.72226 52
0.032099519688866 0.383014146628828 9.84884340085685 -84.11192 64.75781 52
0.0388267484722692 0.38144469265746 9.8340093393873 -84.14109 63.95844 52
0.0261719937510594 0.389800659815661 9.81069726486385 -83.96674 69.1231 52
0.026140995158969 0.311860456664508 9.19685263734179 -83.378954 2.715082 51.71
0.0259954935007387 0.336436733710535 9.3666313198065 -83.27459 19.75128 51.71
0.0271659738577378 0.393389331238813 10.0622300851815 -83.9012 71.19627 52
0.0237300135848985 0.372371487046157 9.76062423625921 -84.37121 58.00409 52
0.0333633483734887 0.387167072767052 9.79869575349966 -84.00656 68.60646 52
0.0248191438995988 0.395306539915533 9.8118887092596 -88.26981 72.75828 53.32
0.0247073081678232 0.376106103702569 9.68119050272095 -84.29524 60.66562 52
0.0284441971247201 0.381254407634245 9.98086316485612 -84.18888 63.90993 52
0.029260081271233 0.376030462485406 9.74988139314111 -84.29424 60.81228 52
0.0272103416438509 0.380874482689147 9.79199905484981 -84.18988 63.90714 52
0.0241403404960957 0.389778855842369 9.76420803471722 -83.9022 71.69711 52
0.043159069281744 0.377439745304184 9.6248181861048 -84.25442 62.18387 52
0.0339285656043618 0.379691580483569 9.63857833650487 -84.25442 62.23055 52
0.0252623472065179 0.377436283871568 10.057437761274 -82.33359 62.6786 51.71
0.0272784842215439 0.39182384800624 9.73196190513795 -83.96674 70.41977 52
0.0243078935682536 0.378741491689306 9.82297579653566 -84.29424 61.30076 52
0.113102146576904 0.382511475358004 9.76624787162097 -84.18988 64.42764 52
0.0337363283976053 0.405070368257938 9.91545847732182 -87.81322 84.60081 53.32
0.045554645768475 0.384675073748086 9.76494128422343 -84.12435 66.29631 52
0.0282535737885131 0.387088105968164 9.75746290850103 -84.0711 67.82056 52
0.0565767124294567 0.376856973798254 9.8800210094784 -84.34749 59.86622 52
0.0615334238119434 0.377769323632275 9.61778928485702 -84.25442 62.68602 52
0.0318818655410665 0.388421153495899 9.95074621365073 -84.00656 69.61193 52
0.0260624012002981 0.387407049554082 9.82484033376954 -84.0711 67.98348 52
0.0272210675682786 0.405362560444069 9.96986599565227 -83.49574 82.03716 52
0.0279708329922761 0.381682516874208 9.760885342117 -84.18888 64.86217 52
0.0536335665034592 0.377929582367787 9.82095527086167 -84.29524 61.80392 52
0.0532703948325277 0.387632251748895 9.41830724632887 -84.0721 68.3747 52
0.0302725330942787 0.378919192702396 9.71287035380124 -84.32342 61.26177 52
0.0279469165044514 0.389402419790374 9.92499362043674 -84.02231 69.76998 52
0.0262185367992152 0.382800393424226 9.8084807472725 -84.18988 65.63437 52
0.0260681125254805 0.391579130888204 9.75379412050625 -84.00756 70.60912 52
0.0265146869911451 0.412401422632387 10.2116846144337 -83.21138 88.83721 52
0.0292916201636252 0.385195727571991 10.0222761971878 -84.17746 66.06613 52
0.0288380970391178 0.36714841518132 9.88953366068354 -84.59535 53.41261 52
0.0257237120705065 0.373030841968531 9.85337489564625 -84.47657 57.4228 52
0.0642601042984935 0.389492557103218 9.69867985444416 -84.00756 70.94648 52
0.0381800475630373 0.3527910172225 9.67195722190244 -84.9386 40.01195 52
0.0257096183742594 0.308267850594241 9.19571056751148 -83.486768 2.602726 51.71
0.0700139743516554 0.38731528588486 9.91058557280231 -84.14009 67.61403 52
0.0255909311590896 0.399701362960511 9.82702448709814 -88.28423 77.37548 53.55
0.0255895018712368 0.391424891059458 9.78903342877103 -83.96574 72.41151 52
0.0286511833425586 0.382796383873423 9.78765354116551 -84.25442 64.88037 52
0.0393423691471489 0.38535668510887 9.95302458759472 -84.20463 66.29221 52
0.0269401504790091 0.388365102459453 9.69333321014768 -84.12535 68.46197 52
0.0256063850347791 0.383316737288413 9.83657335054356 -84.29424 64.02481 52
0.0254547692999818 0.389364588279321 9.89222638061468 -84.12435 68.783 52
0.0269320295634809 0.385583639841677 9.83445422239661 -84.18988 67.06942 52
0.0443052673690731 0.375857556062445 9.75304436838243 -84.42778 60.19641 52
0.0257227976570901 0.384911318833283 9.80833381533635 -84.18988 67.09161 52
0.0275384855338987 0.375195404566408 10.3794016912574 -84.43843 59.94736 52
0.0327463588695239 0.389064117999229 9.80898324390836 -84.11192 69.31181 52
0.0333010473387989 0.386724718980404 9.75288085658093 -84.14009 68.60154 52
0.0259595949435489 0.384822467452258 9.82365361316347 -84.17646 67.6267 52
