1 0.314096854578881 9.38596524545904 -72.000241 3.764231 52
1 0.381262362470227 9.9227199387164 -76.81112 63.51661 53.55
1 0.306919553029889 9.12051132240262 -73.444878 3.161808 52
1 0.390682518327972 9.97199698192465 -73.24235 69.8973 52
1 0.37843201571375 9.82465363579086 -79.47935 64.02152 53.55
1 0.386307143164008 9.89071083156854 -79.7289 68.18639 53.32
1 0.312852937776874 9.08888161522931 -76.476978 3.475328 52
1 0.302577108113628 9.18623084721923 -76.543645 2.425667 52
1 0.390370253160479 9.82902886231981 -79.92697 72.00416 53.32
1 0.371819676373382 9.74922558316904 -80.56454 58.90502 53.55
1 0.317017209752334 9.27959630794499 -76.799703 5.418779 52
1 0.381849695880729 9.52304685540678 -80.66271 63.73749 53.55
1 0.31911771909082 9.38176795425743 -77.37507 5.76867 52
1 0.316514062817184 9.44515523883575 -77.375067 6.036441 52
1 0.377314108160156 9.79860169605879 -81.18073 61.58689 53.32
1 0.291627290280196 9.06953179184467 -77.48188 4.135055 52
1 0.376268306120271 9.69549970838481 -81.32668 61.51668 53.54
1 0.398389824471091 9.95881689955224 -80.77426 75.089 53.32
1 0.381801814681314 9.49845510245148 -81.5588 64.30436 53.54
1 0.31688532556487 9.21543319297706 -78.002675 4.734536 52
1 0.380259940265016 9.5778640273306 -81.69233 65.19119 53.54
1 0.304062657761041 9.08270963924251 -76.135727 2.618242 51.71
1 0.307527835888481 9.30887544455019 -76.172095 3.020932 51.71
1 0.405686462286434 9.84014854705168 -81.35585 81.06749 53.55
1 0.310002576063024 9.35878785070988 -76.564265 2.303945 51.71
1 0.31531649541256 9.45697904578292 -76.655202 4.228341 51.71
1 0.306015655173859 9.08805215358257 -76.817904 2.529515 51.71
1 0.388582036158112 10.1411275558885 -77.55984 68.85299 52
1 0.310087559266075 9.24813187278266 -76.90406 3.14025 51.71
1 0.30754662790237 9.04344522311908 -77.035269 2.205837 51.71
1 0.38705114173283 9.95122136860621 -77.79195 68.64637 52
1 0.382132743582459 9.84089923325364 -78.13288 63.85032 52
1 0.38767169887996 9.79203039720441 -78.0161 67.27154 52
1 0.299848151467827 9.05793237581743 -77.37652 3.208172 51.71
1 0.306620465279388 9.28760795267092 -75.836075 2.964886 51.52
1 0.383545413611592 9.87865703491879 -78.22559 65.36208 52
1 0.393498853078479 9.86605347301536 -77.96631 72.06662 52
1 0.389440877489359 9.92329441560592 -78.07964 69.6224 52
1 0.297074923867054 9.16907162414791 -79.534923 4.305378 52
1 0.322957185329754 9.57044324707442 -77.522021 7.676173 51.71
1 0.384182881701363 9.80604394649738 -78.30278 66.35538 52
1 0.320388846364472 9.70599240228249 -77.677625 6.120611 51.71
1 0.302730613155155 9.07389888577672 -77.779531 3.102312 51.71
1 0.38187618880288 9.74737189243284 -78.60288 65.61141 52
1 0.387001964341122 9.74975465605161 -78.60288 66.29194 52
1 0.388317198081078 9.88185615088023 -78.4861 69.66167 52
1 0.384051403411315 9.74768774097794 -78.655 65.45362 52
1 0.387817790218553 9.94565024906339 -78.60388 66.86123 52
1 0.319796625111266 9.27822625524949 -76.344447 5.961401 51.52
1 0.298468264551116 9.45547018150731 -76.356869 3.717582 51.52
1 0.391361309835032 9.87754509476208 -78.51327 70.02403 52
1 0.351865667860449 9.45548094902618 -79.53492 37.37012 52
1 0.389873819625096 9.95607731769763 -78.54964 69.41351 52
1 0.377701459588947 9.89405220387445 -78.84178 62.33864 52
1 0.392526496791577 9.92651986929893 -78.4851 72.07212 52
1 0.389170916855701 9.80853801477926 -78.66842 67.86409 52
1 0.376927747664002 9.89890388060614 -78.9551 60.53461 52
1 0.309433850918912 9.05272092814588 -78.001675 3.040669 51.71
1 0.385014544634338 10.0147182801566 -78.79199 66.36926 52
1 0.385971089875942 9.81838586132299 -78.77278 66.89647 52
1 0.380956898311438 9.69883898469719 -78.89157 65.39763 52
1 0.382811643801552 9.96273575628313 -78.94714 64.19567 52
1 0.317957867608081 9.58080678694978 -76.59244 4.58481 51.52
1 0.373025929272118 9.92362827400268 -79.194 58.07458 52
1 0.38618166214106 9.802265817109 -78.89157 66.92356 52
1 0.383083561926075 9.79324945198645 -83.67906 67.20754 53.55
1 0.384530907421653 9.91226229804852 -78.9551 66.57754 52
1 0.385815254818813 9.83195987538602 -78.89157 68.68328 52
1 0.314980652786077 9.04892300026122 -78.253989 3.694318 51.71
1 0.380615287630237 9.8192100757145 -79.12946 63.00405 52
1 0.308772685604031 9.21139966927476 -76.738942 3.383453 51.52
1 0.384685440323142 9.83277962669367 -79.0241 66.34892 52
1 0.317426326439203 9.17595247162754 -78.30278 4.851516 51.71
1 0.386663205900977 9.69242478746636 -78.99593 67.79937 52
1 0.389568208456213 9.82929432472969 -78.99593 68.29849 52
1 0.377624105744307 9.92127909780264 -79.31278 62.25277 52
1 0.387047702094407 9.86569344875966 -83.9012 68.04182 53.55
1 0.318478711470906 9.33037121649095 -76.929908 5.517566 51.52
1 0.382420381261092 9.80955009742175 -79.28361 65.14446 52
1 0.389766962029428 9.84726596162388 -79.11371 69.71462 52
1 0.319527979327409 9.26977597795627 -76.982024 5.078111 51.52
1 0.363874094355597 9.53580798094969 -79.80786 50.07195 52
1 0.307830173755701 9.14981315416166 -78.525923 2.671566 51.71
1 0.389698891720054 9.81251786806044 -79.17825 68.78842 52
1 0.306637539669027 9.11089156619362 -77.037594 2.271484 51.52
1 0.386923517637688 9.83061177664877 -79.28361 67.6198 52
1 0.370455347233176 9.79905947609143 -79.69007 56.66663 52
1 0.304629475998033 9.16498673765228 -77.11901 3.184147 51.52
1 0.389105340457603 9.8499591743462 -79.21907 70.84169 52
1 0.381224513152286 9.88436230248727 -79.46593 64.55795 52
1 0.382156190951295 9.85500194280444 -79.46693 64.67323 52
1 0.385029373675248 9.93765253230597 -79.46593 65.73317 52
1 0.303620355311344 9.31986479904835 -77.206621 2.419642 51.52
1 0.376893544256404 9.98669172387301 -79.68907 60.69116 52
1 0.370284514773071 9.8351743224406 -79.80686 57.5785 52
1 0.312304733065201 9.22035596739195 -77.233339 3.077177 51.52
1 0.389605004790316 9.9686535453271 -79.42956 68.39643 52
1 0.400653891891989 10.2908903307027 -78.96056 79.43429 52
1 0.387898260861454 9.86892310393884 -79.47038 67.65511 52
1 0.313256877847159 9.11405607623967 -77.269706 3.523229 51.52
1 0.307435484614716 9.37464078743293 -77.27316 2.743105 51.52
1 0.393934166235398 9.88168211570384 -79.3526 72.09307 52
1 0.370336273241891 9.8109219813603 -79.94139 56.28494 52
1 0.298697662615121 9.15472815414582 -77.32673 3.4402 51.52
1 0.390106527956739 9.86476045249097 -79.46593 70.52438 52
1 0.384709762783772 9.76703926815815 -79.58471 68.07495 52
1 0.38232710986793 9.87535050537781 -79.75361 63.98746 52
1 0.371529338092209 9.66650797313068 -84.70071 57.89572 53.55
1 0.387411472218016 9.79470718315783 -79.59946 68.36962 52
1 0.38541357443023 9.906766800226 -79.68907 66.12155 52
1 0.311388623324211 9.09712946968559 -77.440734 2.854142 51.52
1 0.388504232173559 9.93988776193141 -79.57129 70.02773 52
1 0.381213117088489 9.56221377375504 -84.54656 64.35226 53.55
1 0.313994291143583 9.35074771789243 -79.050496 3.226398 51.71
1 0.382336699430282 9.69275213962337 -79.8724 64.66796 52
1 0.38912625703329 9.87803741276054 -79.76604 67.52592 52
1 0.381948080218607 9.65245291786942 -79.8724 64.7593 52
1 0.388559958510188 9.86092496418739 -79.69007 69.52796 52
1 0.386093806738798 9.83107630683095 -79.75361 68.20948 52
1 0.38835975843476 9.82887197584031 -84.3996 68.14454 53.32
1 0.384750904210271 9.70469720457305 -79.76704 68.2765 52
1 0.314603538536396 9.34734336938216 -77.59721 3.525782 51.52
1 0.382425703355091 9.83445481283263 -79.8714 66.24693 52
1 0.35401045458549 9.57681539229841 -80.66171 40.52285 52
1 0.382435947943025 9.81677030885367 -79.91222 65.82288 52
1 0.315187876341837 9.17062044262123 -79.155857 3.585733 51.71
1 0.37389389612568 9.85851027103702 -80.1725 59.67536 52
1 0.378519326844943 9.7202641793583 -80.09454 62.10163 52
1 0.381698275790542 9.74259587601714 -79.99018 65.30643 52
1 0.392737612447945 9.91417819045076 -79.76704 71.13614 52
1 0.387256806593175 9.97174215119043 -79.8724 69.12437 52
1 0.381523887074422 9.88786810952723 -80.05817 64.68644 52
1 0.385238087484021 9.87099836717228 -79.98918 66.61215 52
1 0.381491720517722 9.80733494764697 -80.09454 63.98952 52
1 0.385776580750521 9.78810237878561 -79.99018 67.40466 52
1 0.371282373480314 9.83184002842699 -80.34685 57.73874 52
1 0.381644575661398 9.80575462805969 -80.21332 64.06368 52
1 0.306599606198226 9.10087044562879 -77.887345 2.098907 51.52
1 0.382678342123892 9.8909882028921 -80.21232 64.25098 52
1 0.385135232357198 9.69037649253583 -80.09554 67.36341 52
1 0.376933643314612 9.82978549024704 -80.31768 62.23448 52
1 0.395972244974338 9.8610720017617 -79.8724 73.97216 52
1 0.378006497535136 9.9374540624549 -80.34585 62.05345 52
1 0.382740332435499 9.92825867336819 -80.26444 64.56337 52
1 0.384456768016129 9.7959725503546 -80.21332 65.94601 52
1 0.386385446421303 10.2682699678726 -78.18845 66.40465 51.71
1 0.390494234460977 9.67378793823602 -80.09454 69.40822 52
1 0.398419587010673 9.86619643334604 -79.8724 74.81138 52
1 0.316822471186814 9.31964889330474 -77.966307 4.657683 51.52
1 0.381278006906277 9.73566840652926 -80.38222 62.98739 52
1 0.392012852870243 9.93837399932731 -80.09554 70.56887 52
1 0.375337379671977 9.94747318143609 -80.51575 59.6157 52
1 0.306189059579545 9.22774956337032 -78.031846 2.484055 51.52
1 0.377497340536063 9.80782905238682 -80.41139 62.74142 52
1 0.387185424435963 9.81771396147555 -80.1999 68.48016 52
1 0.399795053642396 10.0358458333044 -79.8714 76.68896 52
1 0.400586463899498 9.90216703442086 -79.75807 79.22196 52
1 0.378316749551718 9.86670953960656 -80.45121 62.27157 52
1 0.315639424408331 9.18173825518875 -78.070667 4.284205 51.52
1 0.394167061291078 9.86544339007125 -80.03 73.53304 52
1 0.310120192050809 9.33546003637593 -78.098838 2.713693 51.52
1 0.385449804247947 9.70464785627128 -80.38222 65.72492 52
1 0.381825623237216 9.9102328453226 -80.41039 65.6563 52
1 0.39114243146594 9.77706740067902 -80.15908 72.29139 52
1 0.391173494246128 9.86511208078272 -80.1999 71.42327 52
1 0.376736399712408 9.69317684111265 -80.56554 61.97048 52
1 0.365228924055264 9.76158448957333 -80.90547 51.41764 52
1 0.393491894026622 9.97031618901998 -80.15908 72.69928 52
1 0.385273316222015 9.72587316213297 -80.38322 67.34021 52
1 0.406457640898091 10.1035923916173 -79.62454 84.9374 52
1 0.317083054665869 9.34553559231267 -78.18845 5.245986 51.52
1 0.358546575745243 9.76033517808978 -81.07537 46.79326 52
1 0.383022799950279 9.72363555015803 -80.501 65.4792 52
1 0.392262135657996 9.89640349958348 -80.31768 70.22334 52
1 0.38144967076584 9.78989798523504 -80.501 65.55694 52
1 0.388451955878937 9.91171990644469 -80.39464 68.52879 52
1 0.293646581765252 9.2729997143222 -78.23957 4.46285 51.52
1 0.381883743577171 9.67219024007844 -80.56554 64.2542 52
1 0.373310509196823 9.40110214441269 -85.39286 57.22621 53.32
1 0.388882317840062 9.87247882375743 -80.38222 69.32434 52
1 0.382911257799045 9.86375960446102 -80.52818 65.59128 52
1 0.386523904527302 9.71869271391489 -84.98739 69.29072 53.32
1 0.310008020485884 9.20814694502416 -78.262958 3.410015 51.52
1 0.392328098133799 9.83746987317753 -80.27786 72.07908 52
1 0.383741912500195 9.79705502364328 -80.48758 66.81066 52
1 0.379399237877057 9.71972765920808 -85.22528 62.94269 53.32
1 0.311928425311274 9.26117759648591 -78.289357 3.427342 51.52
1 0.404030956905186 9.93150144894449 -79.97676 79.70509 52
1 0.403608397700331 9.91344857580142 -79.99018 79.49893 52
1 0.318930821043437 9.46560846537316 -78.308559 5.698348 51.52
1 0.369733892264943 9.82329657756216 -80.92122 56.2468 52
1 0.384420133462112 9.83968973806526 -80.56454 66.58544 52
1 0.314906065412021 9.19502023281326 -78.3426 3.84243 51.52
1 0.389910568261611 9.79936317952435 -80.46018 69.89707 52
1 0.390338881810028 9.77833819619043 -80.46018 70.037 52
1 0.382442400996348 9.89062189961023 -80.6699 65.5072 52
1 0.387253201566933 9.95119342249944 -80.61292 67.19309 52
1 0.375762258276085 9.73854095911372 -80.81586 61.84739 52
1 0.388763465412202 9.81562920965844 -80.55212 69.44461 52
1 0.321822141971482 9.43508323588581 -78.437312 6.619614 51.52
1 0.387588010492522 9.75409250210741 -80.61879 68.07906 52
1 0.385930603911447 9.79532891747273 -80.68233 66.6134 52
1 0.385860421591086 9.83781982433747 -80.70253 66.14237 52
1 0.388109549491927 9.71395237660068 -80.60536 68.73489 52
1 0.371781510614518 9.92066941252212 -81.01083 57.85112 52
1 0.393896076622388 10.0675896558026 -80.5 71.82432 52
1 0.359441941041136 9.66005807089152 -81.37647 46.64444 52
1 0.399499956331296 9.9845494124875 -80.38222 75.68207 52
1 0.390373642386627 9.7312785298904 -80.60536 70.4658 52
1 0.385735445629491 9.83864503898185 -80.68333 68.52786 52
1 0.393945780751843 9.95446114417067 -80.5 73.15799 52
1 0.372192591541113 9.89611684891772 -81.08779 57.45413 52
1 0.388387970120773 9.86822126454588 -80.63354 70.03074 52
1 0.391554295207273 9.77435616434342 -80.60536 70.8261 52
1 0.388630464545172 9.96670695491233 -80.70253 68.59055 52
1 0.393266411393509 9.89742072064934 -80.56454 72.11472 52
1 0.381188288923882 9.85220456578754 -80.89305 63.59651 52
1 0.394375465737123 9.89279329001651 -80.501 73.81765 52
1 0.376907691898775 9.7346242460139 -80.97101 61.75977 52
1 0.385085872827186 9.81199867623811 -80.78769 66.82552 52
1 0.382939586778574 9.78668807277952 -80.85222 65.27691 52
1 0.357720437274745 9.58298183384616 -81.48083 45.1063 52
1 0.389823952410558 9.81038583911427 -80.61879 71.40953 52
1 0.401342259968984 9.8781566156482 -84.90943 79.02286 53.32
1 0.388929584279046 9.90405804604057 -80.74786 68.46824 52
1 0.378079436584949 9.73301298196242 -80.97101 62.77391 52
1 0.382419791107852 9.8895344250844 -80.90647 64.75489 52
1 0.381881443460888 9.80080294817769 -80.92122 64.35727 52
1 0.38957168613444 9.82669553771859 -80.72315 69.60748 52
1 0.38519063276819 9.78803139220404 -80.81686 67.85923 52
1 0.379703639385693 9.75966556582658 -80.97101 63.73131 52
1 0.370930058865921 9.79911535055957 -81.2089 56.94282 52
1 0.382545756978871 9.75630811607517 -80.97101 64.47147 52
1 0.37691377585728 9.84796563008827 -81.14436 59.96968 52
1 0.390980823462214 9.92214654130544 -80.78769 70.299 52
1 0.387644274124887 9.90627238219872 -80.90547 67.61022 52
1 0.391853292606305 9.70581533819182 -80.78869 70.62629 52
1 0.400125116357332 9.91895737941639 -80.5 77.96285 52
1 0.39313620309063 9.81870582337247 -80.78769 72.02826 52
1 0.383477167590986 9.93609969710801 -81.039 65.81441 52
1 0.381884865529453 9.80383261778473 -81.07637 64.84272 52
1 0.375957627570431 9.80646933356333 -81.19415 61.74978 52
1 0.40585659592788 9.90175874398637 -80.38222 81.99371 52
1 0.386553971546177 9.87682055787677 -80.97101 68.62235 52
1 0.380120698777062 9.81396865073121 -81.15333 63.85502 52
1 0.387675129038386 9.7897457313505 -80.97001 68.8653 52
1 0.388948443153943 9.98995332248761 -80.97001 68.88134 52
1 0.367754959020938 9.7740306722322 -81.48083 54.20437 52
1 0.394215164140439 9.99228738426864 -80.77526 73.97308 52
1 0.385209027713437 9.83898521563328 -81.01083 68.35286 52
1 0.383320226083847 9.85889378450241 -81.07537 66.80626 52
1 0.389357895250377 9.8626504257012 -80.97101 69.63663 52
1 0.383345831789689 9.76748347386064 -81.12861 65.58819 52
1 0.387016358879044 9.791461854696 -81.07537 67.59828 52
1 0.393348272329636 9.88703671172859 -80.89305 72.55345 52
1 0.386223065636902 9.8552620201592 -81.07637 68.31951 52
1 0.375405801969937 9.6915644684564 -81.37547 60.15586 52
1 0.381063584497671 9.7924640908012 -81.25769 63.55143 52
1 0.384366520396725 9.81151569349846 -81.14436 66.86117 52
1 0.384336877013222 9.77088484410756 -85.68054 67.71181 53.32
1 0.383543457129721 9.93691713892909 -81.25769 64.21439 52
1 0.395858571525316 9.94944940347356 -80.89305 73.79694 52
1 0.376374796610689 9.84238956404976 -81.37647 61.21635 52
1 0.385261090876748 9.78398941629936 -81.18073 66.78995 52
1 0.377305580596911 9.69734936477535 -81.36305 62.03236 52
1 0.390994746851655 9.89753362749831 -81.07537 69.88221 52
1 0.377523425146966 9.75320826441992 -81.36305 62.25472 52
1 0.394224247646556 9.86467787580308 -80.90547 74.3711 52
1 0.36886991690078 9.7560298387897 -81.61436 55.28442 52
1 0.375869468439206 9.84634864043974 -81.35485 63.0858 52
1 0.38443169760936 9.85920565174679 -81.15333 68.60094 52
1 0.401175344349871 10.0179224215288 -80.74786 78.37804 52
1 0.379470775571408 9.81546478813152 -81.37647 62.71397 52
1 0.380357430578204 9.80557932321031 -81.37547 62.99318 52
1 0.396165292758439 9.85955787800885 -80.89305 75.40949 52
1 0.385191339223819 9.81767305320258 -81.25869 66.40087 52
1 0.3895146228652 9.86729843921233 -81.10454 70.86585 52
1 0.382962439062523 9.72080937546294 -81.29851 66.02244 52
1 0.387130892121974 9.85604743381372 -81.25869 67.50295 52
1 0.385112028144313 9.88899999216273 -81.29851 66.4803 52
1 0.382404265783529 9.8535853345985 -81.39122 64.21987 52
1 0.39673340371085 9.91631036390316 -80.95759 75.47561 52
1 0.376117744303065 9.83037510969117 -81.48183 62.02438 52
1 0.389096108772016 9.86125855693524 -81.25869 68.18566 52
1 0.371587608234485 9.78548390434239 -81.66416 56.97888 52
1 0.331465061559888 9.45300702134337 -82.51691 14.29454 52
1 0.391261268646974 9.86284080208217 -81.19415 70.33144 52
1 0.382843708913721 9.84412049519221 -81.37547 65.68952 52
1 0.370293627869529 9.82848441152275 -81.73215 55.36338 52
1 0.379243986220191 9.88818359220859 -81.48083 63.38303 52
1 0.377337398093408 9.87294732057525 -81.54983 61.47384 52
1 0.392481823435177 9.8426698051587 -81.26214 69.43363 52
1 0.390688506124383 9.86715402538831 -81.19315 71.38787 52
1 0.390611085927541 9.71592360604923 -81.19415 71.69243 52
1 0.378512970101998 9.75409716657038 -81.59862 61.58418 52
1 0.381811094419066 9.9050850482044 -81.48083 64.92707 52
1 0.374234717049274 9.61489838728682 -86.19136 60.16884 53.32
1 0.386886014600884 9.82549818232781 -81.36305 68.44343 52
1 0.392780973572277 9.76409580802735 -85.86386 72.68744 53.55
1 0.377366582408595 9.71779554176819 -81.66416 60.56738 52
1 0.398889009723347 9.86737836110187 -81.07637 75.97598 52
1 0.390421857990216 10.0625253758324 -77.82791 70.11681 51.52
1 0.323501133267073 9.59110377685286 -82.686807 7.921479 52
1 0.384926524232594 9.91785632739842 -81.48183 66.6247 52
1 0.374711470133453 9.99031559119599 -81.73215 59.74084 52
1 0.383150571452063 9.70054060929599 -81.53408 65.65673 52
1 0.40642039568996 9.92003748770103 -80.78869 83.44921 52
1 0.39507336339373 9.84329353122375 -81.29851 72.3683 52
1 0.397464919563401 9.98546330229422 -81.2089 74.62266 52
1 0.394091247922974 10.0185299906674 -81.26214 73.37464 52
1 0.38196956149487 9.79611583082083 -81.58619 65.06606 52
1 0.380300269714626 9.70572342323885 -86.26933 64.13226 53.54
1 0.376924383637409 9.91880096191893 -81.73315 61.3641 52
1 0.386813894113771 9.95439847220502 -81.48083 68.31637 52
1 0.392130783169263 9.86457432622965 -81.37547 71.36709 52
1 0.392066951287291 9.72241227861013 -81.29851 73.37692 52
1 0.389692418466616 9.77007935074044 -81.48183 68.8199 52
1 0.379163148704219 9.7380196646237 -81.73315 62.60341 52
1 0.36322560848762 9.54122469731356 -82.17498 48.93925 52
1 0.379306143029254 9.86117084145684 -81.76852 62.2086 52
1 0.375946558553011 9.87236192575638 -81.82176 60.97673 52
1 0.386426388820122 9.75694124583213 -81.53408 69.13119 52
1 0.404307780100012 9.87457960033822 -81.07537 80.25393 52
1 0.366675137919423 9.71068191643796 -82.06962 53.91536 52
1 0.376551940584265 9.55199469971063 -86.45165 61.75257 53.55
1 0.312738458040878 9.35743205228817 -82.88833 3.72165 52
1 0.388436226821832 9.88681914109665 -81.58619 68.53948 52
1 0.379189089472577 9.84220460904953 -81.82176 62.11305 52
1 0.389835641602167 9.81069856108512 -81.54983 69.51345 52
1 0.369448747017001 9.75423731920312 -82.06962 54.72258 52
1 0.383529372023057 9.75140954786557 -81.66416 66.83368 52
1 0.30314302119941 9.07701433158518 -80.96304 3.064534 51.71
1 0.396317801394584 9.95810520006068 -81.41629 73.43138 52
1 0.378373972962938 9.86251049484413 -81.82176 62.84876 52
1 0.383252940641294 9.78732185910633 -81.76852 64.54571 52
1 0.3920982268234 9.70539823633185 -86.02046 72.34497 53.32
1 0.399932681637736 10.0137445261192 -81.29851 77.30765 52
1 0.365735366988961 9.70755582210379 -82.17498 53.50804 52
1 0.384665033622387 9.68310885765703 -81.76852 65.71946 52
1 0.373835316883576 9.88344175869602 -82.00508 59.07084 52
1 0.38515814128967 9.89676526885256 -81.70398 67.6252 52
1 0.395511478792936 9.95783061322474 -81.48083 73.62631 52
1 0.374166557783132 9.81683279479262 -82.00408 59.89876 52
1 0.38491244614249 9.80712842572014 -81.79769 66.06953 52
1 0.378270553640955 9.74593163542195 -81.8873 63.95186 52
1 0.396894970242127 9.96719594580937 -81.41629 76.06192 52
1 0.386129907319109 9.79038498369618 -86.19136 70.40027 53.32
1 0.400712518121547 9.93313927979559 -81.43204 76.52238 52
1 0.389793545702578 9.80702591052632 -81.70398 70.00431 52
1 0.39332389068978 9.719232600912 -86.19136 71.27937 53.32
1 0.371082831847382 9.67674001625647 -86.70119 56.50559 53.32
1 0.382539706526802 9.84632280201541 -81.8873 66.158 52
1 0.37890272401673 9.82255623832144 -82.00408 63.0147 52
1 0.3787901026486 9.82095067197342 -82.02083 62.77287 52
1 0.370204819074399 9.92215281305218 -82.29176 55.3646 52
1 0.383440927950942 9.87533763336168 -81.8873 67.75946 52
1 0.386799778456535 9.9154265481725 -81.8863 67.88906 52
1 0.375164427374935 9.71810912577507 -86.70119 60.05301 53.32
1 0.396826961127797 9.78443567429472 -81.66416 74.44235 52
1 0.363418498076043 9.46458307703701 -86.98887 50.73906 53.32
1 0.381315196007653 9.80338260147519 -82.06962 64.17656 52
1 0.413671424295682 9.88889988325674 -80.97101 89.61665 52
1 0.393999159594992 9.72537879984834 -81.66416 74.87903 52
1 0.383860377742651 9.70927438105412 -81.99166 66.72296 52
1 0.383607309038364 9.81076969223458 -81.99166 66.92709 52
1 0.391342834866806 9.81688948756973 -81.73315 73.67848 52
1 0.388884962348795 9.89496011617234 -81.8863 70.06707 52
1 0.390945613689256 9.89426934563192 -81.8863 70.47731 52
1 0.387596920512732 9.85010573136644 -81.99166 67.81462 52
1 0.393733982289603 9.93806867279848 -81.83751 72.15765 52
1 0.393307272465184 9.9158495634064 -86.44268 73.33485 53.54
1 0.381905468553354 9.89239137235448 -86.70119 64.56352 53.32
1 0.366357699343822 9.75338037346592 -82.58045 53.09271 52
1 0.392244084548868 9.81667361922991 -81.8873 72.88175 52
1 0.362478155498458 9.76195671851321 -82.68481 49.5359 52
1 0.377583240396242 9.67859799070582 -86.89793 62.09696 53.54
1 0.395402347969072 9.90380054286981 -81.8863 74.30204 52
1 0.392057918719301 9.88926403978642 -82.01983 71.08248 52
1 0.385717720187724 9.78777230722607 -82.17398 67.25006 52
1 0.39239731694278 9.90108487533356 -82.01983 71.43194 52
1 0.376407704694741 9.76973090704371 -82.39712 61.34503 52
1 0.375368545238284 9.88479371218965 -82.4253 60.74869 52
1 0.406706315689346 9.92104482925717 -81.48083 84.1328 52
1 0.339943621881041 9.653670712025 -83.31442 23.60746 52
1 0.368314858522438 9.74950657944301 -82.62027 55.47166 52
1 0.371268498757443 9.7848277956136 -82.57945 56.81337 52
0.398018669318942 0.398760104608831 9.83391743354254 -86.41351 75.47934 53.32
0.4272897326111 0.377871385351675 9.7863475570395 -86.88351 62.80502 53.32
0.440876886934345 0.408710671380828 9.98613142796727 -81.48183 84.93307 52
0.437829808726816 0.380893247840159 9.73439683104488 -82.3573 64.46123 52
0.509315331327954 0.4081866430143 9.97120274435231 -81.54983 84.06013 52
0.43724840588385 0.368917240596776 9.79861724749326 -82.71398 53.95269 52
0.417584258558715 0.385699906536856 9.87387019053531 -82.29176 66.85096 52
0.439627459227422 0.390112836760294 9.88044835997941 -82.17498 69.94866 52
0.460500302147895 0.357996973708485 9.71210984726918 -82.98591 45.27406 52
0.402046893111507 0.354581296576053 9.63202795592505 -83.0549 42.44248 52
0.408008086964795 0.373023787842048 9.61529752022296 -87.18562 59.01588 53.55
0.469914253067917 0.388305560554854 9.83027458251556 -82.24297 69.3977 52
0.491624123997161 0.392972144676305 9.72599149448539 -86.73036 72.58625 53.54
0.445605303928701 0.368631487436068 9.66228679923788 -82.80259 53.88143 52
0.481934606610201 0.37278840654096 9.47986044055109 -87.13583 58.81818 53.32
0.403539488361551 0.389994893053008 9.89774342266825 -82.24297 70.3643 52
0.396162438285004 0.360415638444335 9.59663205916457 -87.54129 48.14957 53.55
0.401714701996945 0.384730626487913 9.81405776848681 -82.3573 67.5359 52
0.543505515372274 0.37072301708433 9.55348478452267 -87.18462 57.56653 53.32
0.406385047774904 0.305666794398836 9.26930222230101 -81.691554 2.624977 51.71
0.392040785575458 0.37798166990239 9.89876853541139 -82.57945 61.81025 52
0.508392035008193 0.317770388686017 9.06619586600194 -83.631269 4.435162 52
0.404088981354435 0.384154444941386 9.84718861548435 -82.46266 66.14152 52
0.557484951003625 0.372360693367305 9.81506965755325 -82.76277 57.53068 52
0.630494923816639 0.365226194551966 9.78050355790086 -82.93612 52.10098 52
0.57567183309235 0.371269632964735 9.98135074737159 -82.78297 57.94989 52
0.404719006965027 0.376971671574539 9.84727819971254 -82.71398 60.51135 52
0.396513175557041 0.385625401006437 9.52850610868942 -87.08026 66.86213 53.54
0.386212038015622 0.373512914953758 9.80403696459448 -82.80259 58.05297 52
0.189349547896802 0.395551479448619 9.8449772565102 -82.06962 77.74133 52
0.199681960695398 0.332333492128294 9.33525587414863 -83.68006 15.18685 52
0.218791233232098 0.390737220744049 9.75866259774838 -82.29176 73.14464 52
0.179954010375614 0.383397716950866 9.73878221395424 -82.58045 65.83761 52
0.208519404311019 0.381166591474617 9.90580923431008 -82.60762 65.55382 52
0.217116338156111 0.375081285340794 9.75871654083481 -87.28998 59.65122 53.32
0.162381331448284 0.387294020789606 9.77483129953715 -82.51491 68.69776 52
0.271948543572647 0.39225322630189 9.90725344602835 -82.39712 71.75582 52
0.18216804749755 0.380693734662953 9.73273382518864 -82.69823 64.71778 52
0.161595641856747 0.321785182746001 9.31519194425107 -83.839989 7.779408 52
0.160302846775611 0.382800950752655 9.78820575923331 -82.68481 65.62192 52
0.191342850084703 0.351234266790892 9.83339090177791 -83.49674 37.41721 52
0.158263540576443 0.371555330234373 9.81869141886266 -82.98591 57.62061 52
0.159143525727712 0.381460175047836 9.8568875991145 -82.80259 63.39656 52
0.250827647785469 0.36938148438919 9.64424239698702 -83.05045 55.87686 52
0.169032493835921 0.388025183053568 9.9635247755279 -82.57945 69.81542 52
0.174107520152678 0.3064115750487 9.26916506753971 -82.010861 3.519498 51.71
0.206494372630061 0.400049234022388 9.98543898509627 -82.27934 77.51788 52
0.19523996593204 0.369826111533921 9.80613648426435 -83.11844 55.96243 52
0.225884006288925 0.376696887941399 9.73309457810753 -82.98591 60.3246 52
0.170056197413389 0.386934356206871 9.94380933030291 -82.74934 67.16567 52
0.170030984397178 0.330531469622635 9.38589503391049 -83.97119 13.0531 52
0.255759920934376 0.318944852486832 9.19592746182805 -84.023311 6.002724 52
0.156638218394633 0.398327388629709 9.87831401561991 -82.39712 77.79478 52
0.257933499426372 0.383167182052876 9.79097499128904 -82.86713 66.13388 52
0.166474586981757 0.390880864409001 9.77639514232801 -82.58045 73.84644 52
0.16554377499051 0.370917545088712 9.72370466409998 -83.15581 58.41234 52
0.305374112976703 0.38725662069896 9.80229713208283 -82.76277 69.7865 52
0.180830609613129 0.387611209354287 9.77760987777334 -82.76277 70.4499 52
0.232755335318303 0.378062316066812 9.89537778272197 -83.09027 61.55026 52
0.175315034860529 0.370621178572267 9.83165190663217 -83.27259 56.29041 52
0.218777108752173 0.321651129897758 9.42540205231517 -82.215803 6.151205 51.71
0.187629285601494 0.391668608207752 9.70268701137772 -82.76277 70.86619 52
0.19227817385844 0.372458267699395 9.87892234158081 -86.71461 57.88368 54.31
0.175184265252912 0.379396153931877 9.92208037226747 -83.09027 62.76698 52
0.230343052377155 0.393071717829104 9.88999652502867 -82.76177 71.8338 52
0.237483391909967 0.402110600823401 9.90045892971703 -82.46166 79.15438 52
0.175659466840994 0.375455433941092 9.8118285528195 -83.19563 60.21815 52
0.187187042662972 0.378746129543325 9.82320522488129 -83.11844 62.88753 52
0.162093553628716 0.388375540906352 9.754557649546 -87.35351 70.09374 53.32
0.259171271554369 0.38720866071045 9.80669590258747 -82.97249 67.79842 52
0.157924498151382 0.34995937511612 9.70033027081949 -83.88978 35.6461 52
0.205799252753319 0.309866375466244 9.13906893905159 -82.322617 2.964765 51.71
0.193890726685953 0.392037641665816 9.7113390273273 -87.3024 71.72453 53.32
0.276088336526961 0.333039580429864 9.22567412896452 -84.18988 15.27955 52
0.18551320555767 0.347996301543315 9.71576682385552 -83.96674 32.44344 52
0.159935383848148 0.393890736470645 9.84064489108588 -82.80259 72.80006 52
0.156294360117568 0.371123227545013 9.70984240148263 -87.7998 57.55877 53.32
0.16811309204781 0.368809533018389 9.66499360203998 -83.39138 56.60049 52
0.168290416083479 0.399449351979707 9.90223292936318 -82.68481 75.94444 52
0.158357557661264 0.393602446195115 9.92903888689252 -82.68481 76.21093 52
0.223654066289244 0.381124464251985 9.97371790305807 -83.14684 64.55238 52
0.160659297811388 0.386199297312163 9.7842971408305 -82.98591 68.99662 52
0.15739251285921 0.396200123419683 9.81369807434259 -82.81834 74.02411 52
0.162782198365856 0.365133507742562 9.64932489468328 -83.56128 53.14993 52
0.294648478295116 0.382401913749168 9.73758050288866 -87.69544 63.97203 53.32
0.166979596732889 0.31041965424626 9.11694662725391 -82.453695 2.273423 51.71
0.302158928484631 0.389679373758019 10.159089090341 -83.0549 69.8321 52
0.163681218755834 0.386174603870351 10.2504244888326 -79.71724 67.8036 51.52
0.219391901778709 0.351288297060807 9.6459499438445 -84.02231 37.75587 52
0.196021724386492 0.391396405574041 9.77216536281651 -82.98591 72.15404 52
0.181846944338836 0.386292113333048 9.88819697098242 -83.15481 67.77781 52
0.180663571791534 0.368598945781657 9.86310583178694 -83.61352 54.09262 52
0.25985338690873 0.320550102241719 9.36943829597768 -82.532657 6.947994 51.71
0.237808924280519 0.353775641530987 9.43636594584379 -84.00756 40.91488 52
0.197740412600139 0.38916472920508 9.85295911311308 -83.16723 68.98891 52
0.188538580926848 0.385830081537841 10.5873939607629 -83.27937 66.11367 52
0.193571305945517 0.379636685635385 9.77218181520096 -83.41878 62.19181 52
0.215260806333359 0.377719839984003 9.87481357175223 -83.44795 61.41678 52
0.232569168318222 0.36887492433346 10.2401651482636 -83.67009 55.2973 52
0.243471728142038 0.399052005913538 9.84991202749591 -82.86813 77.3145 52
0.219515128614452 0.41849855030226 10.0810431279976 -81.71973 100.5892 52
0.289281141011654 0.382809984618697 9.91937555761136 -83.31341 66.75722 52
0.155622494366813 0.398274877249889 9.90515946353532 -82.98591 75.75003 52
0.16467691741235 0.393042560119833 9.75013791203586 -83.15481 71.84593 52
0.197406621484135 0.392969403866495 9.71601621106808 -83.09027 73.89671 52
0.214493387204323 0.378620746022647 9.91917299607554 -83.56028 61.25449 52
0.188657615546105 0.397212847581387 9.82577922448075 -82.98591 76.66968 52
0.198401899585726 0.372611240890522 9.81437170275923 -83.71988 56.97427 52
0.173398903627798 0.392589527857333 9.89794867839954 -83.20805 71.97457 52
0.203550312549643 0.382003893763311 9.88500439051827 -83.49574 64.36669 52
0.221121475279807 0.369014509890732 9.80807583664258 -83.80362 54.98138 52
0.18366485472909 0.374786275463426 9.8921222123793 -83.62927 60.67438 52
0.168801492899494 0.382074223082241 9.73255497068104 -83.49674 64.93764 52
0.154648078660371 0.371412710487877 9.90605286340999 -83.73463 58.00033 52
0.176124694696251 0.379710661700929 9.73592420329805 -83.56128 63.90696 52
0.210655236881384 0.378696570283949 9.83920441032268 -83.63027 61.98658 52
0.174179105641333 0.375695364289282 9.6906479364845 -83.67906 60.67306 52
0.170405444368693 0.389027750945547 9.82846794993449 -87.7998 69.78634 53.32
0.177580398845868 0.384114662602885 9.70744143355417 -83.45591 67.15957 52
0.331417059132447 0.32757786510845 9.07014444749241 -82.7548 11.04508 51.71
0.266495482084604 0.387403197088596 9.82883247897851 -83.48331 66.6004 52
0.297998484489684 0.373336519761135 9.48673437125002 -83.7638 58.49611 52
0.157622306839796 0.378546056655554 9.59358345664976 -83.63027 62.74435 52
0.269668401876333 0.38505934700669 10.2734023278852 -83.49674 66.65096 52
0.190931801975229 0.374260102230097 9.70443618462173 -83.78342 58.38657 52
0.171954511924674 0.37184358611438 9.85737064418865 -83.78342 58.52402 52
0.223852471482903 0.370306740651271 9.7780807822427 -83.84796 56.57398 52
0.235662768829987 0.371819812737658 9.74100246451821 -83.82424 57.38804 52
0.186093068897386 0.379855670943492 9.93621578121951 -83.66664 62.40539 52
0.278964343764228 0.395143399484157 9.80413524343467 -83.27359 73.20599 52
0.249432774225875 0.371133621932616 9.79017150287295 -83.88878 56.98775 52
0.20650957443825 0.339040736129166 9.92297156404109 -82.7548 22.04158 51.71
0.162850519723061 0.392353258107434 9.77628857808917 -83.37895 72.03168 52
0.295205035086768 0.382849435626105 9.85532357673363 -83.62927 65.40961 52
0.240591729518734 0.382938009132812 9.84749176302836 -83.66664 64.97542 52
0.185629070298149 0.376941855646903 9.73350603193018 -83.78342 61.96045 52
0.161595575179321 0.386334147259773 9.94361442719362 -83.55231 68.45978 52
0.159792762904331 0.387614151988566 10.5802569215635 -83.5777 67.80144 52
0.157747165449115 0.379044986864683 9.7783867529313 -83.78342 62.06739 52
0.156058693160495 0.401153922095471 9.92992014388634 -83.09027 79.93426 52
0.209068463621256 0.375633339637433 9.81190666768966 -83.88978 59.04292 52
0.210311465724133 0.370581465367502 9.7005295908499 -88.45313 57.49745 53.55
0.189115094277698 0.339942674631513 9.66806360256537 -84.70071 23.41898 52
0.187566012322547 0.369327882240222 9.89952868458979 -84.03673 54.76982 52
0.250539093231197 0.384625925892013 9.8334208261621 -88.08748 66.53228 53.32
0.184474210105181 0.377063952175915 9.92190409890896 -83.82424 62.20695 52
0.169510214679547 0.397111295630363 9.94265764893892 -83.37795 74.22992 52
0.164822561496874 0.3166305779731 9.48962460279911 -82.976943 4.292724 51.71
0.167812628241569 0.319043986119851 9.28867097282723 -82.973489 6.049689 51.71
0.279249052890115 0.373070934488951 9.84017509146917 -84.00656 56.85242 52
0.109910260966878 0.386268074520599 9.61334510195675 -83.6021 68.64337 52
0.368095778617077 0.383843641632411 9.6715598643507 -83.71888 65.66793 52
0.120202568911068 0.388415091421516 9.93534880935433 -83.6011 68.98587 52
0.186929113472987 0.398514618323441 9.93415572410796 -83.27259 77.23323 52
0.110482395359826 0.388066978588937 9.79466857942359 -83.6011 69.1629 52
0.124398408887925 0.37349386136692 9.63596787237799 -83.96674 58.83929 52
0.105857604814853 0.399911414140665 9.989286294816 -83.2928 77.53267 52
0.199473781132768 0.375241820850244 9.85809120652306 -83.95777 59.88347 52
0.165187132889622 0.399587925267229 10.0180381385436 -83.30176 77.42053 52
0.130868682306568 0.383003890937933 9.67509987704674 -83.78442 65.12247 52
0.112494245608102 0.390075687575947 9.78823860995418 -83.6011 70.09202 52
0.111007329521409 0.383823052774225 9.9064482897995 -83.74705 66.19454 52
0.124555494464157 0.385815202936275 9.85421335387538 -83.67906 68.24218 52
0.112096582444429 0.35645344322118 9.73147576191878 -82.51491 43.94457 51.71
0.108859444636096 0.380489241326419 9.95321237932257 -83.88878 62.41683 52
0.118018531097106 0.316818708033178 9.54808969505418 -81.626015 5.131115 51.52
0.192880696217039 0.373397665351502 9.82915587450709 -84.0711 58.02184 52
0.104866443757246 0.348266205513767 9.81647846172558 -82.7548 35.0004 51.71
0.109264931583326 0.376873286326389 9.51892879165066 -84.00756 60.28643 52
0.109702568155525 0.356337922299199 9.71749065640311 -84.4412 45.20749 52
0.106638082894204 0.404181010444466 10.0272129439275 -83.24888 80.10135 52
0.109372465341873 0.384550766638926 9.76744678848221 -83.81259 66.07 52
0.146847505485902 0.387890972332677 9.79739330109069 -83.70646 69.08545 52
0.115390120358328 0.377554684925441 9.96533789020308 -84.00756 60.66079 52
0.104442035389728 0.379366599382013 9.70426347731408 -83.91795 63.42269 52
0.160167925344618 0.389059552793003 9.91453967325961 -83.73463 68.55752 52
0.119659589597797 0.371786162719633 9.80701530280565 -84.14009 56.72409 52
0.106511103641306 0.376217578924989 9.62909883982999 -88.44516 60.09001 53.32
0.174083154571288 0.377170804981465 9.91279495529529 -83.96674 62.15441 52
0.389915244056824 0.377178711912421 9.88628982234297 -84.00656 61.20243 52
0.123774273910085 0.39306427698871 9.82901813360642 -83.6011 72.40203 52
0.108816261979661 0.386609705880088 9.82706576171146 -83.78442 67.63959 52
0.111176161593498 0.394930566839637 9.88755640740678 -87.98212 74.15546 53.32
0.127189970900573 0.380997576687882 9.85618627046426 -83.9012 64.82686 52
0.111123059391653 0.388339311683015 9.99289740418975 -83.71888 69.78631 52
0.115074740685699 0.387125769467425 9.76092061433687 -83.78342 68.4615 52
0.184934957326051 0.37780818394134 9.77927528762573 -84.00656 62.32063 52
0.134585157875888 0.385199960235859 9.92379441427932 -83.9012 65.41894 52
0.116629825370879 0.393864921860779 10.1449160454434 -83.62827 72.74154 52
0.104908585878246 0.312297772931603 9.41416815903782 -83.17224 3.065115 51.71
0.113210629484779 0.374972463080015 10.0091346012882 -84.11192 59.85078 52
0.129277604752489 0.385152704677302 9.86572548004087 -83.88878 66.37979 52
0.175046894970423 0.329154030796234 9.28132601345303 -83.16026 11.24742 51.71
0.109718430227503 0.3861910813002 9.76628408685333 -83.88878 66.47589 52
0.104603597257744 0.385279496174313 9.71635536250525 -83.82424 68.49277 52
0.119220064936661 0.369975667721358 9.73982395271698 -84.21806 57.25776 52
0.118517420126827 0.39928064589212 9.93126691527326 -83.56028 75.49476 52
0.236602489773723 0.385640104037571 9.79037119578178 -83.86816 67.70702 52
0.111843486522821 0.375683341029256 9.68172591507024 -84.0721 61.98631 52
0.108296055493573 0.31457801429014 9.22601948788433 -81.77397 3.923029 51.52
0.149394594796238 0.350987103160454 9.63762418674331 -89.10094 38.11031 53.32
0.103920875301292 0.376009265529523 9.63743828329206 -84.11192 61.02214 52
0.120754235870613 0.318749580720487 9.37361562224759 -83.235453 4.605656 51.71
0.141101835583352 0.334280723311484 9.11995199117598 -85.05638 17.28177 52
0.335435280355096 0.388857448504324 9.87044333828543 -83.88878 67.98244 52
0.106964804172201 0.371954285355298 9.87292902225428 -84.21705 58.45871 52
0.118456442475619 0.369537004067542 9.6424494115747 -84.30667 55.56943 52
0.128973995699384 0.387015239383523 9.8061140863641 -83.9022 67.77841 52
0.153274243831902 0.400389743337899 9.9019588768195 -83.49574 77.97296 52
0.165660745419283 0.358982277967539 9.64347739653584 -84.54556 47.70747 52
0.176304414989872 0.388488119847807 9.74638457234477 -83.9022 68.68684 52
0.192969643343052 0.392524709640643 9.71814444598474 -83.78442 71.97189 52
0.176610604531921 0.389764601986189 10.026620434868 -83.83666 70.65364 52
0.116967802785329 0.388266533138969 9.79658951579672 -83.84796 70.4197 52
0.159785185200477 0.391292720622436 9.90688325114945 -83.88878 69.89748 52
0.104870736402421 0.377682960638982 9.52579699511675 -84.16926 62.41452 52
0.133124052001805 0.39656528526064 9.90001752357814 -83.67009 75.68842 52
0.196338430456742 0.384979067110985 9.76863002187086 -84.00756 67.24122 52
0.114444323302171 0.396543754174466 9.91779116097355 -88.21869 73.0557 53.32
0.144706900406544 0.381886874246401 9.86284144331138 -84.11192 64.72226 52
0.139263580061524 0.383014146628828 9.84884340085685 -84.11192 64.75781 52
0.135233772347219 0.311860456664508 9.19685263734179 -83.378954 2.715082 51.71
0.174441375799888 0.336436733710535 9.3666313198065 -83.27459 19.75128 51.71
0.114724653216598 0.393389331238813 10.0622300851815 -83.9012 71.19627 52
0.110195156523241 0.395306539915533 9.8118887092596 -88.26981 72.75828 53.32
0.10829299485638 0.376030462485406 9.74988139314111 -84.29424 60.81228 52
0.104315170502803 0.380874482689147 9.79199905484981 -84.18988 63.90714 52
0.176661883801726 0.389778855842369 9.76420803471722 -83.9022 71.69711 52
0.126546556122615 0.379691580483569 9.63857833650487 -84.25442 62.23055 52
0.10767807703386 0.377436283871568 10.057437761274 -82.33359 62.6786 51.71
0.128731754211089 0.39182384800624 9.73196190513795 -83.96674 70.41977 52
0.122726880422149 0.378741491689306 9.82297579653566 -84.29424 61.30076 52
0.0852293425838163 0.376856973798254 9.8800210094784 -84.34749 59.86622 52
0.082601301951454 0.377769323632275 9.61778928485702 -84.25442 62.68602 52
0.0745629048907379 0.388421153495899 9.95074621365073 -84.00656 69.61193 52
0.0744373079588218 0.387407049554082 9.82484033376954 -84.0711 67.98348 52
0.0823897949415723 0.405362560444069 9.96986599565227 -83.49574 82.03716 52
0.412174144562621 0.381682516874208 9.760885342117 -84.18888 64.86217 52
0.0929474712300259 0.387632251748895 9.41830724632887 -84.0721 68.3747 52
0.0949899311163681 0.389402419790374 9.92499362043674 -84.02231 69.76998 52
0.0951917549090058 0.382800393424226 9.8084807472725 -84.18988 65.63437 52
0.0744256194438074 0.391579130888204 9.75379412050625 -84.00756 70.60912 52
0.0791433998178258 0.412401422632387 10.2116846144337 -83.21138 88.83721 52
0.0753697966552352 0.385195727571991 10.0222761971878 -84.17746 66.06613 52
0.0745640839813048 0.36714841518132 9.88953366068354 -84.59535 53.41261 52
0.103482758713617 0.373030841968531 9.85337489564625 -84.47657 57.4228 52
0.0826805391534463 0.389492557103218 9.69867985444416 -84.00756 70.94648 52
0.111784440411221 0.38731528588486 9.91058557280231 -84.14009 67.61403 52
0.1228829196523 0.399701362960511 9.82702448709814 -88.28423 77.37548 53.55
0.0779980292789167 0.391424891059458 9.78903342877103 -83.96574 72.41151 52
0.102672590469675 0.382796383873423 9.78765354116551 -84.25442 64.88037 52
0.0786383762053797 0.38535668510887 9.95302458759472 -84.20463 66.29221 52
0.142739059347755 0.388365102459453 9.69333321014768 -84.12535 68.46197 52
0.076152150743971 0.389364588279321 9.89222638061468 -84.12435 68.783 52
0.089833478758856 0.375857556062445 9.75304436838243 -84.42778 60.19641 52
0.0845267039973191 0.384911318833283 9.80833381533635 -84.18988 67.09161 52
0.126869449530856 0.389064117999229 9.80898324390836 -84.11192 69.31181 52
0.073817079593849 0.384822467452258 9.82365361316347 -84.17646 67.6267 52
0.134582623631486 0.39549133819376 9.71943484841383 -83.96574 73.14172 52
0.0770419241948943 0.378153935032835 9.87753385504533 -84.3996 61.37162 52
0.0816433974074995 0.381566484241043 9.52596838376013 -84.29524 64.44524 52
0.154716948924641 0.380227325887844 9.86912186232527 -84.32242 63.68966 52
0.0782428915675845 0.385203289648929 9.84486169086197 -84.18988 67.48504 52
0.13563446040128 0.378466375579788 9.58234257320067 -84.37221 62.46035 52
0.0813503194953178 0.389710982604061 9.72780034760971 -84.12435 69.37735 52
0.0770292634943843 0.368075386189062 9.87690638765514 -84.63517 54.23326 52
0.085070034515967 0.386459766369903 9.84630850815235 -84.14009 69.04428 52
0.0816385313358867 0.365539608506583 9.82620854343951 -84.69971 52.0367 52
0.157021440725816 0.38298929526699 9.75063758960211 -84.30767 64.51201 52
0.0976760592723916 0.385716864974531 9.62016396988142 -84.18988 67.99443 52
0.0842701078520438 0.378152908039745 9.75460669578504 -84.3996 62.10107 52
0.185377593799869 0.367379659675686 9.84847235248391 -84.63517 54.69829 52
0.0774678871372508 0.384175312679119 9.74171304082006 -84.22971 66.99537 52
0.124484944369259 0.38396389915723 9.93211977727178 -84.29424 65.22284 52
0.0787655778268227 0.373268883385838 9.77771966766566 -84.51739 58.70331 52
0.126700771131048 0.363351272820748 9.639705627934 -84.77767 50.22543 52
0.0784181746844593 0.383990374890629 9.88092549266903 -84.32242 64.87308 52
0.0788667386676807 0.392178212855588 9.83567861099417 -84.12435 70.29068 52
0.0737200906045021 0.380706576413822 9.73225297870922 -84.41203 62.44384 52
0.0735811221956212 0.38107471534229 9.82165631772828 -84.35878 64.02226 52
0.0737554891895438 0.387489183165992 9.75721898695732 -84.19334 68.67798 52
0.135572295486051 0.377259741166679 9.67468228595816 -84.42778 62.19287 52
0.0742422355036388 0.387589578456212 9.74235841006765 -84.18988 68.8765 52
0.0739742946301763 0.37572974593306 9.87612061548912 -84.46414 61.26981 52
0.118947127355693 0.388363763250521 9.87313662489598 -84.18988 69.17256 52
0.173860375578401 0.37067211562791 9.70642630606474 -84.63517 56.15221 52
0.123659127326807 0.388296715176445 9.77257435659441 -84.18988 69.31066 52
0.0979788132545898 0.383976259566201 9.69492439614632 -84.34749 65.01496 52
0.0845733683957793 0.371912869678321 9.70311119698807 -84.58193 58.30324 52
0.147201363263082 0.38007480398948 9.5842201690514 -84.41203 63.51701 52
0.0777147946345326 0.303173539068488 9.45239581543828 -82.17976 3.156645 51.52
0.104539974519552 0.366811799026141 9.74402498816928 -84.68009 55.3025 52
0.0776948903211895 0.371896816682563 9.73559703665882 -84.59435 58.18356 52
0.162632531825772 0.387876942727278 9.87138834806235 -84.12535 71.69201 52
0.0816196747544906 0.404249748440274 9.99311856655946 -83.73563 81.0622 52
0.0976261582487458 0.381330312670872 9.79426688344346 -84.41203 63.99273 52
0.0841667109153533 0.385632108300363 9.67217693745628 -84.22971 69.11125 52
0.133384116541212 0.35380441132944 9.59687402166177 -85.08556 40.22554 52
0.172208232165047 0.391263122574636 9.82571960665025 -84.18888 70.2789 52
0.0788515204899527 0.379131070366012 9.74367110222325 -84.47757 62.37317 52
0.0819765152787198 0.387034444710242 9.85106743391586 -84.32342 66.86559 52
0.079104224536646 0.378823150061799 9.76235043586274 -84.47757 62.55717 52
0.0865602852131143 0.379581557496885 9.54832110181828 -84.47757 62.65646 52
0.13249259938267 0.369242144628351 9.78033510623255 -84.70071 55.89755 52
0.0760914798299439 0.38478844868846 9.86045218067588 -84.36324 66.15527 52
0.101511810093755 0.384751123574021 9.63669951395782 -84.29524 68.02645 52
0.076430531022575 0.370175356773255 9.78289834101239 -84.68729 56.44689 52
0.122229979380766 0.352850618900655 9.80890363083284 -85.12192 39.81818 52
0.131584963264544 0.379068578511252 9.69925742951757 -84.47757 63.23405 52
0.0991909313901069 0.387000403288724 9.76174557437059 -84.29424 68.4664 52
0.0911678092316134 0.385874734249996 9.98669758634418 -84.35878 66.81508 52
0.0802027650664236 0.383245071460216 9.7867211056456 -84.41203 65.45705 52
0.0744878680722135 0.38996482655435 9.86171215297684 -84.29424 68.77026 52
0.0877068962323876 0.366276315025327 9.79113076387505 -84.83324 52.5131 52
0.0800044659048447 0.386930540918382 9.78169300287623 -84.35878 67.19932 52
0.118602250845758 0.385111773683947 10.1343302117242 -84.41303 65.71017 52
0.159711664041471 0.389272075340025 9.80407276092368 -84.29424 68.98336 52
0.0841552295701901 0.386482812446347 9.78434730232402 -84.37221 66.93474 52
0.0817504363861114 0.358807317975759 9.90550395963412 -84.99981 46.55328 52
0.083846530959335 0.38159444918686 9.88769500396934 -84.47657 64.06284 52
0.0775099913705466 0.363351068915185 9.6783940743394 -84.92285 49.58236 52
0.0803236493834912 0.330043344383611 9.4704411275051 -83.66764 12.84457 51.71
0.133458385524046 0.387312113992412 9.9511038408162 -81.01083 67.23268 51.52
0.0709823776455744 0.382560592452569 9.79308786926203 -84.46414 64.86743 52
0.166285364819871 0.391394026259134 9.83510995130816 -84.25342 70.63165 52
0.0719680761817969 0.386832389820155 9.61375823552752 -84.37221 67.97917 52
0.0802446532152032 0.388685582303821 9.78210083200553 -84.29424 70.07427 52
0.0885672244631413 0.376333508001488 9.67757266135506 -84.59535 61.71325 52
0.0757389845065836 0.361652496276136 9.81343875382539 -84.98839 48.56175 52
0.112292963105317 0.404832805723062 10.0811078997274 -83.88978 80.07976 52
0.119919449822436 0.373775919834611 9.86262766940753 -84.66334 59.72688 52
0.105562195714982 0.382864183131213 9.65960876944428 -84.47757 65.30566 52
0.105975611633892 0.347971983935232 9.64510239924109 -83.44795 33.52557 51.71
0.0720028159627894 0.373320267826134 9.98299594639286 -84.68729 59.64225 52
0.0657703396560506 0.369895704312965 9.82820132777999 -84.80507 55.9379 52
0.118676084725645 0.352221227141012 9.61319089878334 -85.23971 39.10333 52
0.0677214951460413 0.381035847587607 9.71369493881366 -84.54656 64.09312 52
0.0907525605985296 0.359053276042223 9.69293349171723 -85.04064 47.77221 52
0.0806278152382736 0.395683615150627 10.2917236858077 -84.22971 72.79136 52
0.067497573395954 0.372480785608594 9.74880639258286 -84.76525 57.92591 52
0.0773429997855055 0.406110598518845 10.1739530693469 -83.81359 82.81236 52
0.066918025403498 0.379069943738583 9.80388593290134 -84.58193 63.54572 52
0.0694607923220785 0.387512246705962 9.7971474580193 -84.35878 69.77298 52
0.0777950679226871 0.382595431665019 9.78146600176759 -84.47657 66.6797 52
0.0701149392072248 0.380003585342545 9.7360574736073 -84.59535 63.41207 52
0.0771701226514747 0.382145477150189 9.86064538734228 -84.54556 64.85247 52
0.0968995129386181 0.40019043059702 9.97617594183696 -84.14009 75.65617 52
0.141362372494718 0.384709676622252 9.80754420352267 -84.48102 66.87731 52
0.103190279909407 0.388289330792474 10.0569563127697 -82.53166 68.17066 51.71
0.0945979687391008 0.385650247691065 9.85550926970879 -84.47657 67.14558 52
0.0657529304777749 0.378191219157808 9.86350889980992 -84.65889 62.10781 52
0.102076316026454 0.374119129968794 9.75332059925205 -84.77767 58.48894 52
0.070774976252118 0.383156434305969 9.65304831993438 -88.89941 66.44345 53.32
0.0655771889390203 0.384519147555839 9.83847826890606 -84.51739 66.29798 52
0.0789781156363813 0.389441235669719 9.71859922830406 -84.37221 70.21816 52
0.07015376510789 0.389320364841195 9.74654594709142 -84.41203 69.46779 52
0.0951209469331909 0.390795303873926 9.84938866578728 -88.91184 69.33162 53.55
0.0665534931359257 0.374224374794902 9.80199789275592 -84.81749 57.88814 52
0.0667356358736087 0.389129517055167 9.71686467936248 -84.41203 69.7054 52
0.0695855405396753 0.389598555798063 9.79902804254536 -84.41303 69.73391 52
0.0787253043768155 0.38721422084076 9.90541460161632 -84.51739 66.99616 52
0.0669205925419373 0.330611704021415 9.29119172235318 -83.79917 13.4392 51.71
0.166587338811579 0.379105193324265 9.78319392940145 -84.70071 61.7927 52
0.0658250116416095 0.378561888814854 9.80213781907671 -84.65092 63.31278 52
0.0666921711544665 0.361934125496525 9.93539524940818 -85.05638 50.09135 52
0.0719173131960117 0.381397797163562 9.68077000308846 -84.58293 65.3212 52
0.0702994500876071 0.384286535135417 9.82682469523373 -84.52981 66.86565 52
0.0692967646102356 0.389852774362099 9.89016851066804 -84.42878 69.65854 52
0.066860530109314 0.39039908456244 9.83187372047517 -84.41303 70.10149 52
0.0615243396555352 0.38146941150624 9.83802045433113 -84.65092 63.57404 52
0.0607246376408273 0.390338206653144 9.89626998414428 -84.48102 68.45836 52
0.0603556903520243 0.388531384573151 9.77966826272249 -84.3996 70.66544 52
0.0572347195883176 0.383287388857164 9.76286176801352 -84.58193 65.90379 52
0.109662652612529 0.365614797798019 9.64871442420804 -84.99981 52.90508 52
0.110977232702015 0.374579854080882 9.87377839274417 -84.87061 57.35794 52
0.107547778985496 0.383763476636916 9.84269448414168 -84.58193 66.06378 52
0.0585375057650784 0.373409616603389 9.89472437612062 -84.80507 59.5365 52
0.0701746489919358 0.377198481052229 9.75101918706857 -84.76425 60.82985 52
0.0715993397927466 0.397387007567103 10.0294244338978 -84.14109 77.55002 52
0.0593223500325169 0.38053248681355 9.67776067187502 -84.72888 62.05474 52
0.0680437428071578 0.374010804884892 9.65319625729886 -84.80507 59.80037 52
0.168199825080887 0.392240270810669 9.74097982416775 -84.37221 72.02988 52
0.109408555290885 0.372345796556772 9.92150254400273 -84.90223 56.88437 52
0.0761403423402405 0.387288365505547 9.89044689221646 -84.51739 68.26046 52
0.128696522638284 0.383506322478182 9.75390524182596 -84.65092 64.70164 52
0.0889709169662168 0.375233518224768 9.5256225637529 -84.79342 60.62718 52
0.0563657261020287 0.383457925099357 9.89460506406465 -84.65092 64.94112 52
0.0623820520243333 0.376264767445754 9.66616522453665 -84.76525 61.6453 52
0.0621683031986886 0.391930014828341 9.77049539676443 -84.3996 71.81221 52
0.0596571662548393 0.351954894903558 9.59480223788794 -83.48331 39.67465 51.71
0.0989178585014314 0.380496447011254 9.89553712354391 -84.68009 64.39432 52
0.063179055505631 0.291013537970363 9.00844518707966 -83.91795 5.085293 51.71
0.0570339936464942 0.37915725243587 9.59401663990931 -84.70071 64.06454 52
0.317060281984449 0.291719094042619 9.05032352234596 -77.886345 5.021675 51.02
0.0564945103053486 0.373540003836571 9.85773006361952 -84.88649 58.51658 52
0.0517103700861314 0.382501220651943 9.63510877536285 -84.63517 66.01454 52
0.0481056432437197 0.378535572409611 9.90700909555544 -84.69971 64.20494 52
0.133501053889269 0.38398645701315 9.71373544568748 -84.58193 67.57387 52
0.066933829956363 0.369514072323004 9.69997909232157 -84.95102 56.59971 52
0.0527814790391251 0.380469929755213 9.44452172584162 -84.67909 64.89636 52
0.0588972553697391 0.373236387715343 9.8118624220278 -84.88303 59.07165 52
0.0678520183541515 0.401086763553696 9.92004339836065 -84.11192 79.62528 52
0.0642688943248877 0.387239296851979 9.97120419167314 -84.58093 67.99669 52
0.0474548213184498 0.375349517008535 9.53343350078992 -84.86241 59.86948 52
0.0526540100654908 0.381784606165163 9.77434475264779 -84.65989 65.986 52
0.231195119250466 0.377161143419142 9.77661679640746 -84.81849 61.44544 52
0.0499727978111034 0.357866342516699 9.72585550915569 -85.26788 45.90975 52
0.0541493689388091 0.313987743045836 9.33948114559307 -82.528883 3.220948 51.52
0.0635322706844371 0.368827750518805 9.81035867638559 -85.05638 54.15316 52
0.0816178101280085 0.369848734743263 9.65677952282176 -85.01656 55.53239 52
0.0479317731714918 0.387230276875297 9.81342136900074 -84.6101 67.75927 52
0.0502957718001913 0.374927569001874 9.59203511969475 -84.88303 59.95686 52
0.0473862419171215 0.375456038588226 9.63724613926915 -84.84221 61.22977 52
0.0779962074670064 0.377403891788194 9.80100051197153 -84.80507 62.50764 52
0.0766581549805111 0.389303622637902 9.90277319416288 -84.59535 68.44619 52
0.0480970787771426 0.376540375244244 9.75207168758682 -84.88303 60.21895 52
0.0506753542515931 0.38540792113088 9.75478764615461 -84.63517 67.49947 52
0.0601773622047782 0.374034904352958 9.87598594842113 -84.88303 60.32902 52
0.0571756730056211 0.38746799277462 9.90472626595887 -84.59535 68.58404 52
0.0497842060630505 0.371552246466908 9.68710491192521 -84.98839 57.00971 52
0.0490358622225858 0.387224496947998 9.88790172221318 -84.58193 68.95218 52
0.0583014895751019 0.367288946555461 9.7341589462309 -85.10517 53.08048 52
0.0485010128172632 0.377812988538528 9.406088391283 -84.83424 61.83158 52
0.0611925210447981 0.3855477387698 9.60469141259197 -84.65989 66.85697 52
0.0981601412934421 0.36780307063795 9.75346056237555 -85.10517 53.3784 52
0.0558644296565374 0.393982197187913 9.96061396412728 -84.5421 70.45726 52
0.0678523802046154 0.38902324147156 9.76127257251465 -84.63517 68.20294 52
0.0838889467004384 0.373283846806076 9.83564513366773 -84.95102 59.21363 52
0.09740276984668 0.341135985782137 9.72703816707607 -83.85341 24.71443 51.71
0.0423698178991346 0.385889717320824 9.75251491492137 -84.59535 69.52791 52
0.0420115642219626 0.371434634350157 9.70452140462222 -84.98739 58.25346 52
0.123353717229362 0.368668506924493 9.78824956059414 -85.06535 55.90056 52
0.106554417827032 0.394533040427968 9.81294125364141 -84.47757 72.81623 52
0.0475385756830047 0.388137874987585 9.71811459893599 -84.59535 69.82709 52
0.0657817158506992 0.372736105060802 9.45979645346278 -84.98739 58.53185 52
0.0576664045349803 0.377122402872103 9.50739435073296 -84.9386 60.08335 52
0.177554430684966 0.381954432527945 9.67105821988751 -84.79342 64.40478 52
0.102023472431339 0.390698263691016 9.74195672875614 -84.5421 71.27158 52
0.0459096676404395 0.373447929200842 9.91270936030505 -85.04064 56.98926 52
0.0489524826954319 0.391366405542341 9.79289685851649 -84.58293 70.38077 52
0.032813884714175 0.374241921005043 9.80014325480881 -84.98739 58.82896 52
0.0316468252605895 0.396564080400075 9.95610150894658 -84.47657 73.19461 52
0.031742986143156 0.358998749417747 9.75182006997518 -85.32345 47.12844 52
0.033764140728896 0.380235680588998 9.92350352211131 -84.88303 62.11545 52
0.0698703824727067 0.379876830696695 9.73905508369611 -84.80507 64.414 52
0.145342388009915 0.36228809185954 9.79213634782975 -85.23871 50.46244 52
0.0540524302221524 0.382474503657934 9.73167969597781 -84.76525 65.67524 52
0.0317203857152445 0.382180193411659 9.81024040088957 -84.80507 64.58442 52
0.0320364408986148 0.392438280865737 9.80513780344008 -84.58193 70.68295 52
0.0339572854558957 0.385031132638662 9.85965321010551 -84.78445 65.22227 52
0.0362852589275801 0.387159716513317 9.9615444089236 -84.71546 67.18241 52
0.0336372078524662 0.382802072126822 9.69721803289278 -84.81749 64.42069 52
0.0690421410214345 0.368014309159136 9.57004663678153 -85.16971 53.38192 52
0.0335502736322446 0.389959081663387 9.78469203332847 -84.63517 69.7922 52
0.101796301275825 0.384006495731831 9.6984195441516 -84.76425 66.32076 52
0.0989716792311153 0.392266725642267 9.80329141467169 -84.59535 70.88277 52
0.0325043211502494 0.375669976651999 9.61647323583557 -84.95202 60.89704 52
0.0478055137081804 0.376092417167797 10.0738202552045 -83.04248 61.4174 51.71
0.0319347408405944 0.383711736489935 9.7235161891699 -84.76425 66.48879 52
0.0318478568342265 0.377381034265329 9.7322082098172 -84.92285 61.93595 52
0.0292902759938353 0.399257917465151 9.98920054309686 -84.37221 76.62039 52
0.0323869016505094 0.393298653437752 10.0550581003941 -84.59435 71.09939 52
0.0289167275938215 0.388664925197774 9.80550076924284 -84.69971 68.32167 52
0.0426246763465703 0.375275335982738 9.81693751076465 -84.97497 60.43065 52
0.053276434248026 0.369872518283341 9.72798227864459 -85.10617 56.35998 52
0.0605521494985985 0.37195682010881 9.71067923493237 -85.06535 57.72405 52
0.111378634757458 0.380554107853036 9.73800195313057 -84.88303 63.40407 52
0.0404649942152921 0.355126799554802 9.71305337623705 -83.56573 43.78734 51.71
0.125888717336762 0.379813277679759 9.76000811881114 -84.88203 63.46779 52
0.029221959460714 0.37945518587459 9.626086322788 -84.88303 63.45156 52
0.0450760981998474 0.387819554795101 9.75744001604746 -84.70071 68.73578 52
0.0395815114859785 0.379830409374602 9.61979910775913 -84.88303 63.66149 52
0.0313708120043128 0.378584949960725 9.64606372760364 -84.95202 61.91797 52
0.0308541129495036 0.399212313267638 9.89211579802808 -84.42778 76.01547 52
0.188079076845416 0.38867391770638 9.68146265249435 -84.65989 70.25652 52
0.0369619868490557 0.310523180838461 9.14771118861488 -82.686807 3.328679 51.52
0.0290886228221456 0.387720931762512 9.63059211696289 -84.69971 69.32811 52
0.0297977527633275 0.370473476638114 9.85195702244593 -85.12092 57.0005 52
0.0664431538252903 0.386263058306309 9.59932160138534 -84.76525 67.5973 52
0.0339327392690171 0.377025635932589 9.43749613168322 -84.96777 61.81233 52
0.0449533483728365 0.401987501485172 9.9852504217519 -84.36324 77.86292 52
0.0305739678714028 0.37383490682752 9.69858381052576 -85.01656 60.43784 52
0.230358744949701 0.383918393505487 9.66775304563143 -84.77767 67.41316 52
0.0292250296143549 0.371592670100493 9.57445770446413 -85.08556 58.47367 52
0.0349960968920774 0.387487665338064 9.65451097557656 -84.65989 70.70838 52
0.0281445382760051 0.386559814453792 9.92207562732553 -84.76425 67.93154 52
0.0319151152627887 0.391126190951651 9.88645293817071 -84.65989 70.81987 52
0.0375661487234029 0.380484257143105 9.66917562842706 -84.94657 62.95818 52
0.0292193136174238 0.386761739872968 9.78958867478438 -84.81849 66.65304 52
0.0407675697666025 0.332929545626132 9.27808047630192 -84.0721 15.89006 51.71
0.0281768880170189 0.360057644577579 9.74425043478688 -85.34407 50.02465 52
0.0294891528513529 0.3103748884811 9.05092057226548 -84.141094 2.925195 51.71
0.0294411669383719 0.373098011262492 9.86438023188546 -85.10517 58.27883 52
0.103121132596626 0.347409758100778 9.50619868561982 -83.85341 32.66454 51.71
0.0403801824105983 0.376871037036773 9.54471843486834 -84.98739 62.10668 52
0.0332977763049195 0.386885754484381 9.75057141870685 -84.76525 68.4189 52
0.0264606305374166 0.391844315655358 9.74858563338048 -84.70071 70.2607 52
0.0268098562888307 0.389495662778041 9.86933631009096 -84.65989 71.381 52
0.0289148819072106 0.379034762001759 9.64576920737146 -84.98839 62.3156 52
0.0348645196407392 0.378666218724255 9.31446765658619 -84.9386 63.83565 52
0.0278819555693697 0.375565959207031 9.60255410028127 -85.01656 61.55099 52
0.0300195546440951 0.373908688049245 10.0455891930169 -83.20905 59.0384 51.71
0.0264797289647266 0.379519322852421 9.66018701557883 -84.96677 63.13402 52
0.0316851896181262 0.378796256082618 9.74015117447206 -84.98839 62.5087 52
0.0311178482058736 0.387479920687266 9.85226746964048 -84.70071 70.58058 52
0.0271125927489782 0.380390506709846 9.81772319124469 -84.98739 62.72337 52
0.0274863993997403 0.365457687085401 9.75511992836957 -85.32832 51.70605 52
0.0275919501884926 0.372894579011799 10.0443800832833 -83.2248 58.89416 51.71
0.0300566467726506 0.37548332413876 9.86629538905092 -85.06535 60.50405 52
0.029458124417896 0.371507249839912 9.81596670377207 -85.21053 55.89363 52
0.0286137537420176 0.379569951142011 9.59364220857781 -84.95202 63.91977 52
0.0343827633712344 0.39092844946772 9.82114227286217 -84.65989 71.90371 52
0.0305082634493512 0.387698393374919 9.81481104337908 -84.69971 70.92359 52
0.027267461550455 0.398432174358404 10.014700733349 -84.54556 74.86886 52
0.0305538014863626 0.374642963803793 9.70107836790819 -85.10617 59.46531 52
0.0266250666698562 0.385891731291586 9.79804677738696 -84.81749 67.89954 52
0.0266845055459653 0.376389596285378 9.45146254490107 -85.08556 60.22424 52
0.0268175826489177 0.372514221190337 9.79507641543808 -85.10617 59.71516 52
0.0266438976130721 0.388022436930688 9.86624573110169 -84.86141 66.91253 52
0.0276089314114245 0.371525018130684 9.64234959668702 -85.17071 57.77554 52
0.0563300389397581 0.389628081054085 9.8629635914965 -84.65989 72.41526 52
0.0561389067941201 0.381710627114449 9.68869133094361 -84.9386 64.99506 52
0.0274113269807022 0.381028529313262 9.78438325596404 -84.98739 63.65239 52
0.0270903193234792 0.385626073388671 9.89946550596791 -84.86961 67.00407 52
0.0307620064670872 0.388707642967349 9.75175445514117 -84.80507 68.76643 52
0.0333637511043235 0.38087040926207 9.79797607587269 -84.98739 63.75155 52
0.0379468022893884 0.419233101467167 10.2826794440177 -83.44795 98.66663 52
0.0364922173798549 0.39416090991252 9.93413777468735 -84.69971 71.80907 52
0.0423979127527184 0.387385528395245 9.76534675950379 -84.80507 69.05964 52
0.0271056601724514 0.389307307701465 9.93030402617337 -84.76425 70.15082 52
0.0300632317632126 0.384673680650544 9.63121418146094 -84.88303 66.96313 52
0.0269583740026538 0.377832775133549 9.71243455297013 -85.06535 61.82566 52
0.03275476823091 0.38506452382446 9.83280875475776 -84.88303 67.16595 52
0.0335406614103315 0.374052730960199 9.79654751198972 -85.17071 58.72461 52
0.034632760784212 0.362430344356421 9.70382958519395 -85.39286 51.22269 52
0.0266724862117061 0.392335773082697 9.78464274646433 -84.76525 70.40103 52
0.0263583627204397 0.394043642386684 9.87695597508717 -84.69971 72.10387 52
0.0264048502494005 0.370056958749985 9.77815630189924 -85.27507 55.38368 52
0.0378931733183949 0.373579153513978 9.64998645181217 -85.16971 58.82448 52
0.0301442116315973 0.379738891842613 9.91213239106915 -83.15926 62.47384 51.71
0.0283668467705992 0.373774795469626 9.85795100003871 -85.21053 57.71195 52
0.0329730343870037 0.385567020162861 9.83267623912281 -84.92285 66.3305 52
0.024128272324563 0.389454638398513 9.79044996299832 -84.81749 69.22204 52
0.0269551063813271 0.383404655913705 9.6174249661188 -84.94757 65.77165 52
0.0285740440625221 0.384742241068729 9.83469915328168 -84.92285 66.52745 52
0.024572178716137 0.397209850337869 9.9614062498881 -84.51739 77.02318 52
0.0266964722738614 0.405776023847994 9.96575062574502 -84.29424 82.21647 52
0.0282528923181118 0.380262587851913 9.75438046374142 -85.00081 64.59727 52
0.0256921784647634 0.384943529209108 9.8352235127393 -84.88303 67.97795 52
0.0244048845403387 0.387682915608693 9.82548729268104 -84.83324 69.352 52
0.0259459373956888 0.381190448563511 9.61521563727561 -84.98839 65.14914 52
0.0245170593375452 0.388854816577102 9.87066294500204 -84.81849 69.83542 52
0.0762181840213802 0.371665222797063 9.65044796310235 -85.26788 56.65747 52
0.0779678246946183 0.379159443482494 9.7856794828384 -85.08556 62.40862 52
0.0257297420661532 0.382406098193924 9.70924630225459 -85.00081 64.9585 52
0.0273990776169039 0.37425407170788 9.67312198240548 -85.21053 58.67368 52
0.0406590432130755 0.376179880367139 9.63486306716964 -85.17071 60.04507 52
0.028074073857898 0.390424028468773 9.87739702698288 -84.79687 70.65965 52
0.0246444394114276 0.384786300098741 9.81324630956971 -84.94757 66.65668 52
0.0237283039662552 0.373653537531637 9.62073052253393 -85.21053 58.89676 52
0.0249818262777056 0.380808343736314 9.75224912741618 -84.98839 65.53004 52
0.0290256174078531 0.369530668182814 9.99635154676027 -83.39816 56.63089 51.71
0.0287572789932797 0.386694205873328 9.80483076361006 -84.95102 66.71339 52
0.0240650752272853 0.3910187083321 9.68990707206644 -84.77767 71.38548 52
0.023788446285085 0.389477693932282 9.76678737502533 -84.86961 68.98817 52
0.10127539538345 0.375447670570238 9.81021565376113 -85.17071 60.45143 52
0.0246061579009493 0.386119306811867 9.38839837137668 -84.95202 67.03268 52
0.0583866108548618 0.38810053137983 9.83291317399253 -84.88303 68.92807 52
0.102641559572128 0.381159111755898 9.39486783117637 -85.06535 63.88982 52
0.028949115674924 0.388048875578213 9.76982073599822 -84.88203 69.02817 52
0.064771832051906 0.374150055254708 9.6652609764934 -85.16971 60.86353 52
0.0295032846774279 0.384882071283459 9.62980120472608 -84.98739 66.22455 52
0.0241509453183473 0.388707779956107 9.87512766368201 -84.81849 70.82438 52
0.0380012799989701 0.375206455785808 9.66259094965236 -85.17071 60.90745 52
0.0244213970351537 0.386696543469934 9.77475492369214 -84.95102 67.29323 52
0.0241944554110506 0.378556529457236 9.86540894817592 -85.10617 62.9113 52
0.0250097225303744 0.391529801875618 9.82552142506403 -84.76425 72.31932 52
0.0318901544454762 0.381993508282151 10.0706145144145 -83.13109 65.39032 51.71
0.0272892136307153 0.386923249085539 9.82742495486576 -84.88303 69.31702 52
0.0238638642211443 0.341609972372905 9.36358580414902 -84.12535 25.54876 51.71
0.0376772281510921 0.389497826918825 9.8252110861434 -84.89778 69.1146 52
0.0270290873905623 0.375417281103041 9.87406239829186 -85.22396 59.75814 52
0.0241621570894833 0.383723247777901 9.66463774722864 -85.01656 65.89956 52
0.0238561546780128 0.368273442545501 9.75627481790323 -85.39286 54.41299 52
0.0237833190721136 0.374477685962783 9.68619285015246 -89.62073 58.51264 53.32
0.0289911909661571 0.374414125120193 9.6501154050388 -85.2885 57.92128 52
0.513445060462717 0.382050345462127 9.76328413000581 -85.06535 64.70262 52
0.0290432240378407 0.385181474403116 9.88069004172175 -84.92285 68.69673 52
0.0861816126004519 0.378782391430284 9.79216958219706 -85.10617 63.58011 52
0.0249329484243236 0.388795723495435 9.86484704070311 -84.81849 71.5182 52
0.0242238901662195 0.381760036489019 9.82160054072185 -85.10617 63.64512 52
0.0243328624573087 0.379769181514885 9.88660080802652 -85.10517 63.77232 52
0.0258260368270829 0.393586458598666 9.77776701550823 -84.77767 72.68107 52
0.0238610167067681 0.378287209281236 9.51834817111481 -85.16971 61.89649 52
0.0487412488876106 0.374491493600364 9.62598713784971 -85.23971 59.76138 52
0.0259248631198668 0.391402771498658 9.83026364662666 -84.80507 72.022 52
0.0269314598859944 0.390406884963188 9.78760243748351 -84.81849 71.69672 52
0.0239830098519615 0.38325585119773 9.90512782833044 -85.06535 65.05844 52
0.0325899824767784 0.379569986464056 9.80599049974688 -83.25297 62.93215 51.71
0.0237109933377107 0.376444918149484 9.65198766068573 -85.23971 60.10363 52
0.031479880895317 0.395791687615648 9.91955887854231 -84.72888 74.26178 52
0.0427218812519789 0.38731426676442 9.66931563841132 -84.95102 68.54311 52
0.0243825607048203 0.391849015447229 9.78289479021471 -84.88303 70.52116 52
0.0243436880405296 0.396431130720921 9.91543754108147 -84.76525 73.58251 52
0.0267670337802052 0.392110062761395 10.3131009028361 -83.00611 70.11434 51.71
0.0251952820071018 0.390539022277978 9.79359300905285 -84.95102 68.8193 52
0.0256558543752863 0.38680310813882 9.93448719827455 -84.99981 67.54015 52
0.023788526899727 0.38586450427334 9.68412567767239 -84.98739 67.93143 52
0.0738993136824805 0.377809608838924 9.64500496288672 -85.17071 62.72921 52
0.0260804071518203 0.383480011934562 9.77633246420726 -85.06535 65.87038 52
0.0238541795160617 0.381439113475849 9.84832464348172 -85.10517 64.7557 52
0.023910882551732 0.353337359828538 9.46989316561059 -85.7859 40.79415 52
0.024519947426082 0.389934855695097 9.84603179093164 -84.88303 70.91692 52
0.0247744244739439 0.378318107250814 9.82257229289477 -85.17071 63.03653 52
